1 0 0 0 0 1 0 0 0 0 1 0
0.99974 -0.00323682 -0.0225838 -0.0183439 0.00327192 0.999993 0.00151776 -0.0167991 0.0225788 -0.00159126 0.999744 0.280982
0.99974 -0.00323682 -0.0225838 -0.0183439 0.00327192 0.999993 0.00151776 -0.0167991 0.0225788 -0.00159126 0.999744 0.280982
0.998807 -0.00627308 -0.0484318 -0.0198888 0.00626716 0.99998 -0.000273948 -0.0153425 0.0484326 -2.9909e-05 0.998826 0.585065
0.997284 -0.0133067 -0.0724457 -0.047712 0.0131921 0.999911 -0.00205992 -0.0188253 0.0724667 0.00109861 0.99737 0.881519
0.995439 -0.0189797 -0.0934978 -0.0939896 0.0187184 0.999818 -0.00367166 -0.017384 0.0935504 0.00190478 0.995613 1.15908
0.993027 -0.0156351 -0.116847 -0.14113 0.0155683 0.999878 -0.00148505 -0.0353503 0.116856 -0.000344406 0.993149 1.4592
0.989967 -0.0117329 -0.140807 -0.209842 0.0114868 0.999931 -0.00256003 -0.0335579 0.140828 0.000916922 0.990034 1.77298
0.985994 -0.0142298 -0.166175 -0.246207 0.0132863 0.999889 -0.00678768 -0.0193831 0.166253 0.00448475 0.986073 2.11405
0.982095 -0.0179536 -0.187531 -0.318972 0.0159588 0.999799 -0.012142 -0.00855862 0.187711 0.00893183 0.982184 2.42652
0.977526 -0.0245883 -0.209377 -0.38991 0.0214152 0.999619 -0.017409 -0.0228707 0.209726 0.0125339 0.97768 2.73835
0.972342 -0.0276935 -0.231914 -0.452844 0.0225495 0.999438 -0.0248027 -0.0124652 0.232471 0.0188871 0.97242 3.09259
0.968182 -0.028982 -0.248561 -0.545391 0.0222722 0.999309 -0.0297651 -0.0107421 0.249252 0.023282 0.968159 3.37383
0.961274 -0.0297214 -0.273987 -0.581053 0.0219935 0.99927 -0.0312347 -0.0413808 0.274715 0.0239991 0.961226 3.7413
0.955377 -0.0341612 -0.293408 -0.684654 0.0243311 0.999016 -0.037089 -0.0141592 0.294387 0.028295 0.955267 4.05611
0.947449 -0.0437513 -0.316901 -0.745579 0.0332057 0.998703 -0.0386047 -0.0271699 0.318179 0.0260531 0.947673 4.3991
0.940586 -0.053145 -0.335371 -0.898378 0.0417036 0.998279 -0.0412312 -0.0312285 0.336985 0.0247953 0.941183 4.75197
0.93059 -0.0614463 -0.36087 -1.00239 0.0485862 0.997822 -0.0446108 -0.0420175 0.362825 0.0239811 0.931549 5.1691
0.920457 -0.06361 -0.385633 -1.10483 0.0506685 0.997762 -0.0436412 -0.105724 0.387546 0.0206304 0.92162 5.54482
0.911471 -0.0654491 -0.406124 -1.28553 0.0512209 0.997636 -0.0458186 -0.135406 0.408162 0.0209603 0.912669 5.91573
0.901322 -0.0688924 -0.427635 -1.47339 0.0515608 0.997315 -0.051994 -0.158446 0.430069 0.0248142 0.902455 6.30412
0.891911 -0.0657769 -0.447402 -1.68919 0.0445556 0.997333 -0.0578045 -0.186996 0.450011 0.0316222 0.892463 6.64
0.878866 -0.0724609 -0.471533 -1.87548 0.0471599 0.996752 -0.0652729 -0.213244 0.474732 0.0351287 0.879429 7.02431
0.866456 -0.081921 -0.492487 -2.09484 0.0549357 0.9961 -0.0690418 -0.285428 0.496222 0.0327666 0.867577 7.3739
0.853424 -0.091015 -0.513208 -2.33332 0.0604674 0.995276 -0.075955 -0.321801 0.517697 0.0337895 0.854896 7.76357
0.840887 -0.0962969 -0.532576 -2.61177 0.0618774 0.994697 -0.082156 -0.358332 0.537662 0.0361295 0.842386 8.14451
0.829688 -0.0957724 -0.549951 -2.89573 0.0580625 0.994635 -0.0856165 -0.414623 0.5552 0.0391034 0.830797 8.53037
0.819771 -0.0932452 -0.565049 -3.20893 0.0527909 0.994759 -0.0875676 -0.472987 0.570253 0.0419559 0.820397 8.92879
0.811376 -0.0921036 -0.577222 -3.53995 0.0485926 0.994718 -0.0904161 -0.524643 0.582501 0.0453127 0.811566 9.34493
0.802762 -0.094527 -0.588759 -3.88563 0.0490385 0.994476 -0.0928029 -0.574128 0.59428 0.0456268 0.802963 9.77646
0.793763 -0.0987913 -0.600151 -4.21755 0.0525522 0.99417 -0.0941453 -0.637425 0.605953 0.0431898 0.794327 10.1983
0.78374 -0.103807 -0.612353 -4.57802 0.0567902 0.993781 -0.0957832 -0.699693 0.618488 0.0402934 0.784761 10.6622
0.774473 -0.103679 -0.624053 -4.95502 0.055853 0.993833 -0.095798 -0.763287 0.630136 0.0393377 0.775488 11.1118
0.764291 -0.105376 -0.636204 -5.35848 0.0556564 0.993656 -0.0977201 -0.839303 0.642465 0.0392778 0.765307 11.6094
0.754695 -0.108064 -0.647115 -5.78593 0.0546666 0.993269 -0.102114 -0.913299 0.653795 0.0416895 0.755523 12.0938
0.744369 -0.112005 -0.658308 -6.23085 0.0567133 0.992875 -0.104801 -0.987412 0.665356 0.0406758 0.745418 12.5986
0.732093 -0.11284 -0.671794 -6.65824 0.0589922 0.992982 -0.102502 -1.09381 0.678646 0.0354103 0.733611 13.1271
0.722519 -0.113719 -0.681934 -7.14556 0.0605787 0.992999 -0.101408 -1.18781 0.688692 0.0319584 0.72435 13.6497
0.714915 -0.118531 -0.689092 -7.63788 0.0618188 0.992382 -0.106564 -1.24196 0.696474 0.0335855 0.716796 14.175
0.711466 -0.121179 -0.692194 -8.14762 0.0610842 0.991956 -0.110872 -1.33623 0.700061 0.0365993 0.713144 14.6718
0.710785 -0.122909 -0.692588 -8.65922 0.0580877 0.991509 -0.116343 -1.41407 0.701007 0.042464 0.711889 15.1873
0.709693 -0.123327 -0.693633 -9.15351 0.0537826 0.99117 -0.121201 -1.48176 0.702455 0.0487099 0.710059 15.7348
0.712184 -0.128583 -0.690116 -9.70983 0.0554652 0.990315 -0.127277 -1.54806 0.699798 0.0523675 0.712419 16.2697
0.718743 -0.129292 -0.683148 -10.3082 0.0548849 0.990042 -0.129629 -1.64209 0.693106 0.0556756 0.718683 16.7949
0.719626 -0.126901 -0.682668 -10.8325 0.0512253 0.990181 -0.130066 -1.74709 0.69247 0.0586293 0.71906 17.4088
0.723737 -0.121605 -0.679277 -11.4182 0.0482498 0.990859 -0.125977 -1.89579 0.688387 0.058399 0.722989 17.9984
0.727912 -0.117859 -0.675465 -12.0092 0.0444445 0.991155 -0.125047 -2.00659 0.684229 0.0610027 0.726712 18.6319
0.73285 -0.115989 -0.670431 -12.5806 0.0418162 0.991178 -0.12577 -2.10762 0.679104 0.0641359 0.731234 19.2622
0.737634 -0.114745 -0.665379 -13.1583 0.0393513 0.991085 -0.127288 -2.21907 0.674053 0.0677084 0.735573 19.9042
0.740867 -0.112097 -0.662232 -13.7479 0.0409476 0.991679 -0.122053 -2.36553 0.670403 0.0633082 0.739292 20.5747
0.746385 -0.113562 -0.655754 -14.3679 0.0427622 0.991481 -0.12303 -2.46118 0.66414 0.063786 0.744882 21.2262
0.748663 -0.112679 -0.653305 -14.9633 0.0411024 0.991443 -0.123897 -2.58314 0.661675 0.0659051 0.746888 21.9028
0.751441 -0.114999 -0.649701 -15.5841 0.0400119 0.990824 -0.129101 -2.70061 0.658586 0.0710161 0.749147 22.5922
0.753028 -0.111854 -0.648412 -16.1815 0.0339273 0.990735 -0.131505 -2.82192 0.657114 0.0770278 0.749846 23.2671
0.755377 -0.109477 -0.646081 -16.7921 0.0316835 0.990894 -0.130862 -2.9513 0.654525 0.0783797 0.751967 23.9646
0.758402 -0.108279 -0.64273 -17.4828 0.0327809 0.991193 -0.128304 -3.10389 0.650962 0.0762366 0.755272 24.7125
0.760794 -0.102287 -0.640883 -18.12 0.0280525 0.991762 -0.124987 -3.26029 0.648387 0.0771108 0.757395 25.4395
0.759397 -0.109517 -0.641344 -18.6737 0.0351701 0.9912 -0.127614 -3.37353 0.649676 0.0743539 0.756566 26.2148
0.760328 -0.112451 -0.639731 -19.3453 0.0398316 0.991118 -0.126876 -3.53835 0.648317 0.0709861 0.758054 26.9967
0.762452 -0.114753 -0.636788 -20.0322 0.042466 0.990901 -0.12772 -3.67319 0.64565 0.0703387 0.760387 27.75
0.764097 -0.110812 -0.635512 -20.7485 0.0400005 0.991379 -0.124769 -3.82074 0.64386 0.0699151 0.761943 28.5351
0.763988 -0.107933 -0.636139 -21.394 0.037093 0.991626 -0.123701 -3.89393 0.644164 0.0709096 0.761594 29.3404
0.765164 -0.102981 -0.635547 -22.1017 0.0309259 0.991865 -0.123483 -4.0004 0.643093 0.0748302 0.762124 30.1397
0.763479 -0.101631 -0.637786 -22.7972 0.0308253 0.99215 -0.121199 -4.16373 0.645097 0.0728726 0.760618 31.0036
0.764537 -0.10269 -0.636347 -23.4686 0.0288972 0.991696 -0.125316 -4.28135 0.643932 0.0774201 0.761156 31.7432
0.761142 -0.103068 -0.640344 -24.1427 0.0293524 0.991755 -0.124741 -4.43482 0.647921 0.0761497 0.757892 32.5675
0.758175 -0.0991974 -0.644462 -24.8093 0.0285308 0.992461 -0.119197 -4.603 0.651427 0.0719855 0.755289 33.3443
0.757246 -0.0967755 -0.645921 -25.5321 0.0264494 0.992694 -0.117723 -4.77454 0.652594 0.072061 0.754273 34.0968
0.75576 -0.0960336 -0.647769 -26.1947 0.0236952 0.992551 -0.119503 -4.89577 0.65442 0.0749667 0.752406 34.8642
0.75564 -0.0925236 -0.64842 -26.8143 0.0215118 0.992944 -0.116615 -5.05505 0.654634 0.0741704 0.752298 35.5866
0.755402 -0.0894005 -0.649134 -27.4742 0.0165196 0.992932 -0.117526 -5.15525 0.655053 0.0780556 0.75154 36.3143
0.75479 -0.0894154 -0.649844 -28.1032 0.0178041 0.993094 -0.115966 -5.28323 0.655725 0.0759598 0.751169 37.0402
0.755588 -0.0884758 -0.649045 -28.7426 0.0176339 0.993225 -0.114865 -5.41156 0.65481 0.0753451 0.752028 37.7607
0.758173 -0.0889433 -0.645959 -29.4007 0.0205218 0.993417 -0.112699 -5.53615 0.651731 0.0721888 0.755007 38.4536
0.756508 -0.0901794 -0.647738 -29.9694 0.0246724 0.993678 -0.109526 -5.66889 0.653519 0.0668764 0.75395 39.1414
0.755811 -0.0936064 -0.648064 -30.5654 0.0281149 0.993456 -0.110705 -5.78253 0.654186 0.065452 0.753496 39.8264
0.75553 -0.0953839 -0.648133 -31.1052 0.0297041 0.993314 -0.111557 -5.88312 0.654441 0.0650324 0.753311 40.4548
0.755178 -0.0933789 -0.648835 -31.6481 0.0277792 0.993472 -0.110646 -5.99702 0.654931 0.0655333 0.752841 41.064
0.754685 -0.0914809 -0.649678 -32.1388 0.0266734 0.993691 -0.108937 -6.10474 0.655545 0.0648837 0.752364 41.6271
0.75375 -0.0938646 -0.650423 -32.6172 0.0306333 0.993689 -0.107903 -6.21144 0.656447 0.0614071 0.751869 42.1823
0.753217 -0.0951617 -0.650852 -33.0762 0.0300127 0.993421 -0.110516 -6.30146 0.657087 0.0637086 0.751118 42.7027
0.752442 -0.0944021 -0.651858 -33.4976 0.0281409 0.99338 -0.111378 -6.3928 0.658057 0.0654617 0.750117 43.1758
0.751759 -0.091184 -0.653103 -33.9223 0.0233818 0.993457 -0.111789 -6.48232 0.659023 0.0687679 0.748973 43.6445
0.751648 -0.0934945 -0.652905 -34.3496 0.0240862 0.993133 -0.114486 -6.57496 0.659125 0.0703269 0.748738 44.0904
0.750884 -0.0947591 -0.6536 -34.7604 0.0254176 0.993066 -0.114774 -6.65431 0.659944 0.0695692 0.748087 44.5429
0.750778 -0.0927373 -0.654013 -35.1645 0.0237329 0.993244 -0.113595 -6.73157 0.660129 0.0697629 0.747906 44.9947
0.750165 -0.0886479 -0.655281 -35.5533 0.0185303 0.993402 -0.113176 -6.79154 0.660991 0.0727583 0.746859 45.4418
0.749457 -0.087025 -0.656309 -35.9454 0.0165649 0.993478 -0.112817 -6.86316 0.661846 0.0736798 0.74601 45.8827
0.750081 -0.0834423 -0.656061 -36.3476 0.0150591 0.993906 -0.109194 -6.96701 0.661175 0.072025 0.746766 46.3013
0.74976 -0.0829775 -0.656486 -36.7015 0.0161395 0.994104 -0.107219 -7.04244 0.661513 0.069793 0.746679 46.7228
0.751143 -0.0812959 -0.655114 -37.0769 0.0147706 0.994209 -0.10644 -7.11171 0.659974 0.0702751 0.747994 47.1248
0.752393 -0.0772039 -0.654175 -37.4418 0.0115862 0.994505 -0.104043 -7.16749 0.658613 0.0707018 0.749153 47.5161
0.75298 -0.074435 -0.65382 -37.7942 0.0127834 0.995049 -0.0985606 -7.23153 0.657919 0.0658561 0.750204 47.908
0.753702 -0.0726005 -0.653193 -38.1381 0.0138986 0.995418 -0.0946005 -7.28083 0.657069 0.0622222 0.751258 48.2878
0.754096 -0.0667494 -0.653364 -38.4824 0.00675263 0.995557 -0.0939152 -7.32963 0.65673 0.0664091 0.751196 48.6732
0.75497 -0.0619731 -0.652825 -38.8454 0.00089557 0.995621 -0.0934793 -7.38548 0.655759 0.0699893 0.751719 49.0556
0.754661 -0.0625548 -0.653126 -39.1895 0.000474761 0.995496 -0.0947976 -7.44534 0.656115 0.07123 0.751292 49.4455
0.753386 -0.0673376 -0.654121 -39.5062 0.0031803 0.995105 -0.0987766 -7.50129 0.657571 0.0723367 0.749912 49.8398
0.752966 -0.0727193 -0.654029 -39.8417 0.0105062 0.995077 -0.0985437 -7.56847 0.657976 0.0673286 0.750023 50.2358
0.755899 -0.069634 -0.650974 -40.2069 0.00836127 0.995273 -0.0967544 -7.60418 0.654634 0.0676936 0.752909 50.6126
0.759391 -0.0613834 -0.647733 -40.5766 0.000945373 0.995643 -0.0932453 -7.66499 0.650634 0.0701973 0.75614 51.0079
0.762988 -0.0556129 -0.644016 -40.9524 -0.000654497 0.996225 -0.0868027 -7.73102 0.646413 0.0666509 0.760071 51.4175
0.765641 -0.0566094 -0.640772 -41.2875 0.00478389 0.996594 -0.0823285 -7.77413 0.64325 0.0599687 0.763304 51.8796
0.769617 -0.0571406 -0.635944 -41.6405 0.00781655 0.996756 -0.0801006 -7.8254 0.638458 0.0566759 0.767567 52.3183
0.771275 -0.0653536 -0.633138 -41.9746 0.0159736 0.996389 -0.0833903 -7.8486 0.636302 0.0542034 0.769534 52.7712
0.774109 -0.0701085 -0.629159 -42.3222 0.0218346 0.996214 -0.0841453 -7.90105 0.632676 0.0514001 0.772709 53.2145
0.778197 -0.0696365 -0.624148 -42.685 0.023058 0.996332 -0.0824122 -7.95129 0.627597 0.0497413 0.776948 53.6581
0.782415 -0.068382 -0.618991 -43.0589 0.0230089 0.996449 -0.0809974 -8.01901 0.622332 0.0491313 0.78121 54.1073
0.78736 -0.0668873 -0.612854 -43.4585 0.0209528 0.996426 -0.0818316 -8.07965 0.616137 0.05159 0.785947 54.5636
0.791063 -0.0663738 -0.608123 -43.8386 0.0216218 0.996509 -0.0806382 -8.16515 0.611352 0.0506412 0.789737 55.0335
0.793484 -0.0740553 -0.604068 -44.2187 0.0286616 0.996015 -0.0844567 -8.19561 0.607915 0.0497015 0.792445 55.5161
0.79513 -0.0750555 -0.601776 -44.6107 0.0301655 0.995978 -0.0843638 -8.25111 0.605688 0.0489273 0.794196 56.0206
0.797009 -0.072332 -0.59962 -44.9982 0.0300423 0.996322 -0.0802541 -8.32309 0.60322 0.0459493 0.79625 56.5208
0.797749 -0.0699323 -0.598921 -45.3916 0.0292305 0.996569 -0.0774288 -8.36962 0.602281 0.044262 0.797056 57.0422
0.798396 -0.0682893 -0.598247 -45.784 0.0292204 0.996772 -0.0747841 -8.42148 0.601423 0.0422263 0.797814 57.5586
0.799572 -0.0690053 -0.596593 -46.1741 0.0312145 0.996809 -0.073462 -8.47939 0.599759 0.0401158 0.799175 58.0752
0.798692 -0.0696241 -0.597699 -46.5757 0.0321578 0.996803 -0.0731427 -8.5484 0.600881 0.0391978 0.798377 58.6187
0.796609 -0.0731601 -0.600052 -46.9978 0.0351247 0.996574 -0.0748749 -8.58762 0.603474 0.0385693 0.796449 59.18
0.793598 -0.0739389 -0.603933 -47.4059 0.0355305 0.996527 -0.0753149 -8.65994 0.607404 0.0383117 0.793469 59.7394
0.790263 -0.0746939 -0.608199 -47.8321 0.0366771 0.996529 -0.0747289 -8.71869 0.61167 0.0367484 0.790259 60.2877
0.786155 -0.072995 -0.613704 -48.2391 0.0356955 0.996706 -0.072824 -8.77875 0.616998 0.0353445 0.786171 60.8308
0.782696 -0.0669044 -0.618798 -48.6872 0.0318047 0.997206 -0.0675893 -8.83815 0.621591 0.0332212 0.782637 61.3576
0.777676 -0.0630832 -0.625493 -49.1187 0.0292031 0.997504 -0.0642936 -8.88867 0.627987 0.0317333 0.777576 61.9148
0.769054 -0.0653758 -0.635831 -49.4636 0.0306079 0.997381 -0.0655291 -8.89879 0.63845 0.030934 0.769041 62.4964
0.761293 -0.067441 -0.644892 -49.8823 0.0317089 0.997258 -0.0668583 -8.96248 0.647633 0.03045 0.761344 63.0077
0.752834 -0.0681348 -0.654674 -50.2575 0.0282706 0.997057 -0.0712586 -9.00465 0.657603 0.0351379 0.752545 63.4881
0.742725 -0.0670354 -0.666232 -50.7102 0.0240568 0.997005 -0.0734984 -9.04838 0.669164 0.0385617 0.742114 64.0065
0.732421 -0.0647861 -0.677763 -51.1401 0.022667 0.997231 -0.0708284 -9.12096 0.680475 0.0365133 0.731861 64.3932
0.721675 -0.0612071 -0.689521 -51.606 0.0217617 0.997597 -0.0657777 -9.19084 0.69189 0.032465 0.721272 64.8561
0.710416 -0.0569369 -0.701475 -52.0861 0.0194651 0.99793 -0.0612862 -9.23656 0.703512 0.0298844 0.710054 65.3248
0.699822 -0.050557 -0.712526 -52.592 0.0140962 0.998275 -0.0569873 -9.29723 0.714178 0.029837 0.699328 65.7608
0.687448 -0.0487633 -0.724594 -53.0835 0.0111697 0.998335 -0.0565883 -9.34847 0.726147 0.0308081 0.686848 66.2073
0.673838 -0.051945 -0.737051 -53.5829 0.0123547 0.998178 -0.0590533 -9.39463 0.738776 0.0306864 0.673253 66.6536
0.661153 -0.0553274 -0.748209 -54.0861 0.0113848 0.997902 -0.0637313 -9.44733 0.750165 0.0336179 0.660395 67.0872
0.649249 -0.057631 -0.758389 -54.605 0.00863427 0.997619 -0.0684187 -9.49605 0.760527 0.0378727 0.648201 67.5215
0.640782 -0.0549991 -0.76575 -55.137 0.0028437 0.997594 -0.0692713 -9.55527 0.767717 0.0422103 0.639397 67.9205
0.633915 -0.0495735 -0.771812 -55.691 -0.00198262 0.997836 -0.0657195 -9.60148 0.7734 0.0431908 0.632445 68.3559
0.630988 -0.0400541 -0.774758 -56.2381 -0.00714522 0.998324 -0.0574315 -9.64747 0.77576 0.0417744 0.629644 68.7742
0.631598 -0.0352787 -0.774493 -56.7819 -0.00777165 0.998626 -0.051826 -9.68842 0.775257 0.0387523 0.630456 69.2037
0.634386 -0.0341691 -0.772261 -57.3565 -0.00843331 0.998657 -0.0511138 -9.74228 0.77297 0.0389386 0.633246 69.6542
0.640114 -0.0367761 -0.767399 -57.8952 -0.00982392 0.99838 -0.0560399 -9.79576 0.768217 0.0434108 0.638716 70.0881
0.648742 -0.0402392 -0.759944 -58.449 -0.00980014 0.998077 -0.0612144 -9.83834 0.760946 0.0471599 0.6471 70.5244
0.659154 -0.0397079 -0.750959 -58.9809 -0.0104384 0.998026 -0.0619342 -9.89142 0.751935 0.048663 0.657438 70.9754
0.669688 -0.0383944 -0.741649 -59.4835 -0.0089683 0.998172 -0.0597725 -9.93833 0.742588 0.0466802 0.668119 71.4477
0.68133 -0.0372174 -0.73103 -59.9929 -0.00554321 0.998416 -0.0559966 -9.99004 0.731956 0.0422044 0.680044 71.9227
0.691466 -0.0373875 -0.721441 -60.5336 -0.000808921 0.998619 -0.0525271 -10.0456 0.722409 0.0369043 0.690481 72.4501
0.703756 -0.0362795 -0.709515 -61.0889 0.00203605 0.998794 -0.0490517 -10.0835 0.710439 0.0330758 0.702981 72.9645
0.7133 -0.0282929 -0.700287 -61.5848 0.00139149 0.99924 -0.0389538 -10.1717 0.700857 0.0268113 0.712798 73.5206
0.723943 -0.0212272 -0.689533 -62.1021 -0.000824443 0.999499 -0.031635 -10.189 0.68986 0.0234704 0.723563 74.0622
0.73219 -0.019466 -0.680823 -62.5686 0.00276115 0.999668 -0.0256129 -10.2162 0.681095 0.0168736 0.732 74.6266
0.73908 -0.0174185 -0.673393 -63.0678 0.0047006 0.999775 -0.0207019 -10.2612 0.673601 0.012135 0.738995 75.1986
0.744279 -0.0213052 -0.667529 -63.5735 0.00988267 0.999733 -0.0208891 -10.2947 0.667796 0.00895036 0.744291 75.7653
0.751174 -0.0209343 -0.659772 -64.1159 0.00924176 0.999733 -0.0211991 -10.3199 0.66004 0.00982674 0.751167 76.3204
0.754197 -0.0173692 -0.656419 -64.6395 0.00722313 0.999809 -0.0181565 -10.3352 0.656609 0.00895214 0.754178 76.9018
0.757226 -0.00924845 -0.653088 -65.1641 0.00571383 0.999955 -0.00753555 -10.3684 0.653128 0.00197448 0.757245 77.4826
0.759218 -0.00749784 -0.650794 -65.6805 0.00890454 0.99996 -0.00113255 -10.3833 0.650776 -0.00493517 0.759254 78.103
0.761155 -0.00902581 -0.648508 -66.1938 0.0107564 0.999941 -0.00129225 -10.3973 0.648481 -0.00599197 0.761207 78.7295
0.764057 -0.0113297 -0.645049 -66.7254 0.0123647 0.999919 -0.00291678 -10.4101 0.64503 -0.00574728 0.764136 79.3426
0.766675 -0.00914789 -0.64197 -67.2545 0.0117918 0.99993 -0.000166335 -10.4161 0.641927 -0.00744245 0.76673 79.9666
0.767935 -0.00271212 -0.640522 -67.768 0.00919668 0.999935 0.00679213 -10.4064 0.640462 -0.0111066 0.76791 80.6402
0.771394 0.00486053 -0.636339 -68.3102 0.00719896 0.99984 0.0163639 -10.4089 0.636317 -0.017204 0.771236 81.3005
0.775222 0.00953931 -0.631617 -68.837 0.00482173 0.999767 0.0210175 -10.4221 0.63167 -0.0193387 0.774996 81.954
0.7797 0.00960091 -0.626079 -69.3607 0.00567391 0.999733 0.022397 -10.4272 0.626127 -0.0210153 0.779438 82.5865
0.783808 0.0119732 -0.620887 -69.9054 0.00366581 0.999707 0.023906 -10.416 0.620992 -0.0210138 0.783535 83.251
0.786524 0.0138024 -0.617405 -70.446 0.0066598 0.999503 0.0308285 -10.4402 0.617523 -0.0283592 0.786041 83.9545
0.789905 0.0155213 -0.613032 -70.9799 0.00874838 0.999293 0.0365735 -10.4283 0.613167 -0.0342526 0.789211 84.642
0.79417 0.0130232 -0.607556 -71.5178 0.0125043 0.999208 0.0377635 -10.4076 0.607567 -0.0375877 0.793379 85.3177
0.796604 0.00804841 -0.604448 -72.0292 0.0172421 0.999202 0.036028 -10.3945 0.604256 -0.039122 0.795829 86.0284
0.798636 0.00728479 -0.60177 -72.5545 0.0176093 0.999216 0.0354662 -10.3687 0.601556 -0.0389213 0.797882 86.7606
0.801896 0.00830735 -0.597406 -73.1029 0.0177084 0.999134 0.0376635 -10.3543 0.597201 -0.0407813 0.801054 87.4133
0.803877 0.0126679 -0.59466 -73.6301 0.0183496 0.998769 0.046082 -10.3549 0.594512 -0.0479561 0.802655 88.1129
0.803915 0.0164303 -0.594518 -74.1527 0.0171969 0.998558 0.0508503 -10.3245 0.594496 -0.0511032 0.802473 88.847
0.806504 0.0138139 -0.591067 -74.7084 0.0175703 0.998725 0.0473158 -10.2782 0.590967 -0.0485456 0.805233 89.5424
0.806813 0.0118027 -0.590689 -75.2462 0.0187154 0.998788 0.0455201 -10.2494 0.59051 -0.0477812 0.805615 90.2514
0.806625 0.012137 -0.590938 -75.8081 0.0172649 0.998879 0.0440821 -10.2288 0.590811 -0.0457602 0.805511 90.9882
0.805696 0.0110483 -0.592227 -76.3464 0.0202518 0.998728 0.0461833 -10.1895 0.591983 -0.0492034 0.804447 91.7299
0.804591 0.0111193 -0.593725 -76.8904 0.0239402 0.998404 0.0511409 -10.1589 0.593346 -0.0553614 0.803041 92.4702
0.803643 0.0140913 -0.594945 -77.4882 0.0241778 0.998121 0.0562995 -10.1356 0.594621 -0.0596292 0.801792 93.2148
0.801435 0.0149725 -0.597895 -78.0642 0.0263393 0.997833 0.0602936 -10.1324 0.597502 -0.0640695 0.799304 93.9588
0.799584 0.0101362 -0.600469 -78.6518 0.0302227 0.997911 0.0570897 -10.0609 0.599794 -0.0637958 0.797607 94.6871
0.795402 0.00787556 -0.606031 -79.2446 0.0329989 0.99787 0.0562779 -10.0094 0.605183 -0.0647619 0.793448 95.4485
0.791001 0.0118934 -0.611699 -79.8409 0.0306328 0.997787 0.059012 -9.95844 0.611047 -0.0654166 0.788886 96.1913
0.785521 0.0102927 -0.618749 -80.427 0.0334376 0.997695 0.0590464 -9.91172 0.617931 -0.0670716 0.783366 96.9562
0.78222 0.00692934 -0.622964 -81.0659 0.0361141 0.997752 0.0564446 -9.85069 0.621955 -0.0666498 0.780211 97.7133
0.776961 0.00993534 -0.629471 -81.6576 0.0334328 0.997813 0.0570155 -9.80531 0.628661 -0.0653438 0.77493 98.4585
0.772359 0.0109644 -0.635092 -82.2561 0.0347891 0.99762 0.0595316 -9.77383 0.634233 -0.068074 0.770139 99.2128
0.770117 0.00591233 -0.637875 -82.8977 0.0403318 0.997505 0.057939 -9.7164 0.636626 -0.0703465 0.767957 99.9614
0.765894 0.00285658 -0.642961 -83.5254 0.0422524 0.997605 0.0547631 -9.6836 0.641578 -0.0691094 0.763939 100.717
0.762972 0.00128738 -0.64643 -84.1765 0.0433938 0.99764 0.0532039 -9.66838 0.644973 -0.0686441 0.761116 101.471
0.760298 0.000627339 -0.649574 -84.833 0.0437606 0.997678 0.0521834 -9.64338 0.648099 -0.0681007 0.758505 102.229
0.759012 -0.00122569 -0.651075 -85.5127 0.0467507 0.99752 0.0526233 -9.60275 0.649396 -0.07038 0.757187 102.997
0.756298 -0.00284575 -0.654221 -86.1716 0.0526478 0.997012 0.0565255 -9.56811 0.652105 -0.0771934 0.754188 103.798
0.755003 -0.00438057 -0.655706 -86.8519 0.0558085 0.996779 0.0576007 -9.53965 0.653342 -0.0800827 0.752816 104.566
0.752742 -0.00631668 -0.658286 -87.518 0.0537995 0.997199 0.0519502 -9.50764 0.656114 -0.0745205 0.750973 105.342
0.752084 -0.00719765 -0.659028 -88.1877 0.049921 0.99769 0.0460735 -9.47878 0.657174 -0.0675505 0.750706 106.109
0.751635 -0.00500031 -0.65956 -88.8715 0.0467878 0.997856 0.0457544 -9.43504 0.657918 -0.0652499 0.750258 106.908
0.751923 0.00242151 -0.659247 -89.5813 0.04046 0.997939 0.0498134 -9.40302 0.658008 -0.064129 0.750275 107.706
0.75101 0.00497217 -0.660272 -90.2429 0.038827 0.997909 0.0516775 -9.37288 0.659148 -0.0644467 0.749246 108.52
0.753049 0.000573691 -0.657964 -90.9521 0.0433911 0.997779 0.0505317 -9.34255 0.656532 -0.0666027 0.751352 109.322
0.75417 -0.00267965 -0.656674 -91.6521 0.0395514 0.998362 0.0413496 -9.32104 0.655487 -0.057157 0.75304 110.131
0.755235 -0.00614057 -0.655425 -92.3661 0.035351 0.998882 0.031376 -9.29623 0.6545 -0.0468662 0.754608 110.94
0.753298 -0.010507 -0.657595 -93.052 0.0361565 0.999022 0.0254564 -9.28586 0.656684 -0.0429526 0.752942 111.8
0.755436 -0.0113313 -0.655124 -93.7851 0.0357537 0.999074 0.0239479 -9.27243 0.654246 -0.0415142 0.755142 112.617
0.757194 -0.016214 -0.652989 -94.512 0.0383448 0.999071 0.0196565 -9.22889 0.652063 -0.0399225 0.757113 113.453
0.757948 -0.0188984 -0.652041 -95.2358 0.042564 0.998883 0.0205263 -9.22351 0.650925 -0.0433114 0.757906 114.302
0.761397 -0.0248144 -0.647811 -95.9502 0.0467338 0.998768 0.0166702 -9.23112 0.646599 -0.0429673 0.761619 115.098
0.761682 -0.0296625 -0.647272 -96.6708 0.0489939 0.998728 0.0118852 -9.23303 0.646097 -0.0407652 0.762166 115.955
0.762155 -0.0296235 -0.646716 -97.3953 0.0479514 0.998792 0.01076 -9.2378 0.645616 -0.0392117 0.762655 116.791
0.763341 -0.0273221 -0.645418 -98.1549 0.0448578 0.998935 0.0107663 -9.21573 0.644437 -0.0371704 0.763754 117.639
0.764479 -0.0284734 -0.644019 -98.9202 0.0452499 0.99893 0.0095489 -9.20318 0.643058 -0.0364417 0.76495 118.497
0.765376 -0.0244025 -0.643121 -99.6714 0.0409867 0.999101 0.0108684 -9.19586 0.642277 -0.0346778 0.765687 119.361
0.765521 -0.0225436 -0.643016 -100.392 0.0411159 0.999057 0.0139231 -9.2228 0.642096 -0.0370966 0.765726 120.22
0.765356 -0.0279381 -0.643 -101.114 0.0454512 0.998909 0.0106979 -9.23192 0.642 -0.0374129 0.765791 121.08
0.766094 -0.0327283 -0.641895 -101.863 0.0444319 0.99901 0.00209249 -9.23029 0.641191 -0.0301237 0.76679 121.938
0.764593 -0.0373502 -0.643431 -102.571 0.0454179 0.99896 -0.00401775 -9.24335 0.642911 -0.0261513 0.765494 122.814
0.766103 -0.0371993 -0.64164 -103.314 0.0445928 0.998994 -0.00467424 -9.24167 0.641169 -0.0250316 0.766992 123.681
0.767321 -0.0358766 -0.640259 -104.068 0.0424616 0.999085 -0.00509507 -9.28658 0.639856 -0.0232768 0.768142 124.514
0.771159 -0.0393282 -0.635427 -104.805 0.041347 0.999077 -0.0116563 -9.32491 0.635299 -0.0172841 0.772073 125.276
0.7725 -0.0443843 -0.633462 -105.562 0.0365727 0.999008 -0.0253967 -9.32657 0.633961 -0.00354848 0.773357 126.138
0.774422 -0.049114 -0.630761 -106.324 0.0341944 0.998774 -0.0357868 -9.3332 0.631745 0.00614562 0.775152 127.023
0.775364 -0.0503932 -0.629501 -107.064 0.03703 0.998724 -0.0343403 -9.3881 0.630428 0.00331587 0.776241 127.912
0.775628 -0.0529774 -0.628963 -107.775 0.0426061 0.998593 -0.0315699 -9.43314 0.62975 -0.00231114 0.776794 128.783
0.777696 -0.053325 -0.626375 -108.514 0.042595 0.998576 -0.0321263 -9.46777 0.627196 -0.00169599 0.77886 129.649
0.776839 -0.0590182 -0.626928 -109.18 0.0477423 0.998253 -0.0348158 -9.52529 0.627887 -0.00288479 0.778299 130.523
0.777099 -0.0603248 -0.626481 -109.892 0.0465045 0.998179 -0.0384311 -9.58017 0.627658 0.000730589 0.778489 131.418
0.778462 -0.0580997 -0.624997 -110.61 0.041887 0.998296 -0.0406293 -9.65609 0.626293 0.00544911 0.779569 132.284
0.780262 -0.0528836 -0.623213 -111.321 0.0352958 0.998554 -0.0405435 -9.71834 0.624456 0.00963777 0.781 133.131
0.778778 -0.0493264 -0.625357 -112.005 0.0357881 0.998774 -0.0342123 -9.78468 0.626278 0.00426339 0.779588 134.036
0.780792 -0.0469413 -0.623025 -112.709 0.0351328 0.998895 -0.0312314 -9.84317 0.623803 0.00249662 0.781578 134.895
0.783158 -0.0477203 -0.619989 -113.414 0.0344138 0.998849 -0.0334102 -9.90323 0.62087 0.00482932 0.783899 135.756
0.785007 -0.0532107 -0.617197 -114.141 0.0378307 0.998562 -0.0379731 -9.95244 0.61833 0.00646012 0.785892 136.653
0.787656 -0.0565761 -0.613513 -114.848 0.038598 0.99835 -0.0425106 -9.99971 0.614905 0.00980331 0.78854 137.513
0.78851 -0.0581322 -0.612269 -115.492 0.0418489 0.998287 -0.0408879 -10.0786 0.613597 0.00661777 0.789592 138.385
0.789858 -0.0556292 -0.610762 -116.098 0.0398421 0.998428 -0.0394134 -10.1663 0.611995 0.00679697 0.790833 139.221
0.793078 -0.0527722 -0.60683 -116.839 0.0366851 0.99857 -0.0388949 -10.2276 0.608014 0.0085851 0.79388 140.126
0.795557 -0.0514346 -0.603691 -117.558 0.0350332 0.998628 -0.0389158 -10.2588 0.604865 0.00981051 0.796268 141.073
0.796892 -0.0478933 -0.60222 -118.221 0.0326613 0.99881 -0.0362139 -10.3111 0.603238 0.00918932 0.797508 141.959
0.797828 -0.0514829 -0.600683 -118.876 0.036496 0.998644 -0.037117 -10.3866 0.601779 0.00769052 0.798625 142.866
0.799174 -0.052687 -0.598787 -119.546 0.0344876 0.998529 -0.0418312 -10.4531 0.60011 0.0127796 0.799815 143.758
0.799995 -0.0567543 -0.597317 -120.22 0.036588 0.998278 -0.045849 -10.5209 0.598891 0.0148243 0.800694 144.653
0.799649 -0.0534212 -0.598086 -120.879 0.0340671 0.998467 -0.043635 -10.6176 0.5995 0.0145176 0.800243 145.538
0.799824 -0.0504913 -0.598108 -121.544 0.0317786 0.99862 -0.0418057 -10.6972 0.599393 0.0144302 0.800325 146.435
0.79775 -0.0527507 -0.600677 -122.191 0.0338086 0.998512 -0.0427873 -10.737 0.60204 0.0138255 0.798346 147.338
0.797285 -0.049111 -0.601602 -122.852 0.0315459 0.998713 -0.0397217 -10.8179 0.602778 0.0126914 0.797808 148.2
0.795418 -0.0488285 -0.604091 -123.516 0.0329263 0.998759 -0.0373746 -10.887 0.605166 0.00983797 0.796039 149.073
0.794269 -0.0489162 -0.605595 -124.136 0.0342212 0.998773 -0.0357919 -10.9451 0.606602 0.00770421 0.794968 149.862
0.792606 -0.0520165 -0.607512 -124.784 0.0361932 0.998611 -0.0382829 -11.0116 0.608659 0.00835546 0.793388 150.701
0.791294 -0.0546509 -0.608989 -125.402 0.0362732 0.998439 -0.0424685 -11.0739 0.610359 0.0115151 0.792041 151.49
0.789061 -0.0565395 -0.611708 -126.041 0.0350548 0.998277 -0.0470515 -11.1366 0.613314 0.0156832 0.789684 152.332
0.788405 -0.0567262 -0.612535 -126.704 0.0340187 0.998236 -0.0486595 -11.1888 0.614215 0.0175258 0.788944 153.142
0.787261 -0.0541079 -0.614242 -127.343 0.0305244 0.998341 -0.0488204 -11.2552 0.615864 0.019685 0.787606 153.953
0.785466 -0.0523242 -0.616689 -127.995 0.0263013 0.998342 -0.0512068 -11.3039 0.618345 0.0240015 0.78554 154.798
0.78563 -0.0526172 -0.616456 -128.589 0.02575 0.998295 -0.0523922 -11.3668 0.618161 0.0252872 0.785645 155.552
0.784564 -0.0547879 -0.617623 -129.251 0.0273952 0.998179 -0.0537461 -11.4164 0.619443 0.0252474 0.784636 156.383
0.784462 -0.0534865 -0.617866 -129.907 0.0253685 0.998208 -0.0542027 -11.4817 0.619657 0.0268457 0.784413 157.218
0.785457 -0.0537133 -0.61658 -130.505 0.0264566 0.99823 -0.0532578 -11.5588 0.61835 0.0255191 0.785488 157.961
0.787466 -0.0503585 -0.614297 -131.136 0.022675 0.998349 -0.052775 -11.6439 0.615941 0.0276294 0.787308 158.751
0.789349 -0.0506617 -0.611851 -131.778 0.0247274 0.998404 -0.0507678 -11.7351 0.613446 0.024944 0.789342 159.579
0.790235 -0.0568704 -0.610159 -132.378 0.0306668 0.998107 -0.0533119 -11.8031 0.612036 0.0234173 0.790483 160.381
0.792338 -0.0638984 -0.606727 -133.007 0.0356124 0.997648 -0.0585618 -11.8822 0.609042 0.0247937 0.79275 161.184
0.7928 -0.0727141 -0.605129 -133.604 0.0409529 0.996969 -0.0661449 -11.9496 0.608105 0.0276579 0.793375 161.993
0.793818 -0.0768355 -0.603282 -134.204 0.0448784 0.996683 -0.0678876 -12.033 0.606498 0.0268161 0.794633 162.794
0.795315 -0.076853 -0.601305 -134.808 0.0467931 0.996755 -0.0655047 -12.1183 0.604388 0.0239599 0.79633 163.598
0.79701 -0.0740892 -0.599405 -135.366 0.0486957 0.997099 -0.0584969 -12.1951 0.602 0.0174342 0.798305 164.376
0.800309 -0.0660224 -0.595942 -135.942 0.0442057 0.997711 -0.0511679 -12.3011 0.597957 0.0146061 0.801395 165.134
0.802947 -0.0636209 -0.592646 -136.486 0.0432556 0.997885 -0.0485187 -12.3748 0.594479 0.0133227 0.804001 165.862
0.805611 -0.0600431 -0.589394 -137.008 0.042678 0.998148 -0.0433497 -12.4554 0.590905 0.00976888 0.806682 166.58
0.810199 -0.0581344 -0.583266 -137.512 0.03773 0.998178 -0.0470793 -12.4888 0.58494 0.016137 0.810916 167.259
0.814588 -0.059946 -0.576934 -137.92 0.041632 0.998122 -0.0449282 -12.5473 0.578544 0.012579 0.815554 167.884
0.819982 -0.0564816 -0.569596 -138.367 0.0362866 0.998247 -0.0467492 -12.6073 0.571239 0.0176648 0.820594 168.545
0.825731 -0.051052 -0.561749 -138.806 0.0284703 0.998399 -0.0488855 -12.6622 0.563345 0.0243731 0.825862 169.2
0.830903 -0.0576327 -0.553425 -139.199 0.0339382 0.998019 -0.0529776 -12.7102 0.555382 0.025237 0.831212 169.839
0.835799 -0.0685071 -0.544745 -139.645 0.0437239 0.997339 -0.0583399 -12.7666 0.547292 0.024942 0.83657 170.526
0.840789 -0.0709736 -0.53669 -140.054 0.0423892 0.996956 -0.0654329 -12.8183 0.539701 0.0322654 0.841238 171.167
0.846081 -0.0705557 -0.528364 -140.474 0.0383034 0.996686 -0.0717575 -12.8919 0.531676 0.0404745 0.84598 171.794
0.849321 -0.0659249 -0.523744 -140.836 0.0350412 0.997024 -0.0686737 -12.9719 0.526712 0.0399734 0.849103 172.438
0.854845 -0.0616445 -0.515209 -141.236 0.033873 0.99743 -0.0631392 -13.0373 0.517777 0.0365225 0.854735 173.093
0.858909 -0.0607295 -0.508515 -141.633 0.03493 0.997579 -0.0601374 -13.0872 0.510936 0.0338901 0.85895 173.772
0.863076 -0.0576024 -0.501778 -142.033 0.0318687 0.997706 -0.0597178 -13.1486 0.504067 0.03555 0.862932 174.42
0.866429 -0.0568855 -0.496049 -142.418 0.0313972 0.99773 -0.0595764 -13.2133 0.498312 0.0360442 0.866248 175.071
0.868612 -0.051628 -0.492797 -142.778 0.0273805 0.998038 -0.0562986 -13.2558 0.494737 0.0354086 0.868321 175.708
0.871983 -0.0484902 -0.487128 -143.166 0.0272624 0.998348 -0.0505775 -13.2993 0.488776 0.0308224 0.871865 176.35
0.874321 -0.0467866 -0.483087 -143.53 0.0299115 0.998645 -0.0425822 -13.3795 0.484425 0.0227807 0.874536 177.019
0.876353 -0.046746 -0.479396 -143.883 0.0326875 0.998757 -0.037635 -13.4123 0.48056 0.0173112 0.876791 177.701
0.87739 -0.0494177 -0.477225 -144.241 0.0353948 0.998638 -0.0383368 -13.4356 0.47847 0.016745 0.877944 178.459
0.878153 -0.0568248 -0.474993 -144.598 0.042577 0.998263 -0.0407101 -13.4784 0.476482 0.0155259 0.879047 179.138
0.87867 -0.0635855 -0.473177 -144.962 0.0462254 0.997766 -0.0482412 -13.5332 0.475187 0.0205152 0.879645 179.841
0.879115 -0.0709018 -0.471306 -145.317 0.0496896 0.997119 -0.0573187 -13.5852 0.474012 0.0269707 0.880105 180.537
0.87902 -0.0736104 -0.471067 -145.67 0.050071 0.996799 -0.0623294 -13.6184 0.474148 0.031202 0.879892 181.266
0.880463 -0.0757922 -0.468017 -146.057 0.0513988 0.996581 -0.0646947 -13.6551 0.47132 0.0329058 0.881348 181.958
0.881075 -0.0725254 -0.467383 -146.437 0.0492686 0.996871 -0.0618103 -13.7018 0.470403 0.0314322 0.881891 182.667
0.881625 -0.0716215 -0.466484 -146.805 0.0506247 0.997066 -0.0574068 -13.794 0.469227 0.0269957 0.882665 183.387
0.882457 -0.0705284 -0.465076 -147.182 0.0502888 0.997175 -0.0558003 -13.8494 0.467698 0.0258532 0.88351 184.089
0.881916 -0.0708888 -0.466046 -147.511 0.0513939 0.997194 -0.0544256 -13.9171 0.468597 0.0240469 0.883085 184.804
0.881838 -0.070744 -0.466216 -147.891 0.0523489 0.997258 -0.0523079 -13.9911 0.468638 0.0217213 0.883123 185.553
0.879402 -0.0790315 -0.469473 -148.226 0.0600306 0.996662 -0.0553314 -14.0029 0.472279 0.0204758 0.881211 186.291
0.880282 -0.0764763 -0.468246 -148.65 0.0583814 0.996883 -0.0530615 -14.0738 0.470844 0.0193722 0.882004 187.034
0.880386 -0.0758235 -0.468158 -149.073 0.0558188 0.996842 -0.0564808 -14.1134 0.470962 0.0235929 0.881838 187.804
0.880553 -0.0794842 -0.467236 -149.477 0.0595483 0.996579 -0.0573091 -14.1816 0.470193 0.0226406 0.882273 188.548
0.878642 -0.0820658 -0.470375 -149.832 0.0598789 0.99628 -0.0619685 -14.2394 0.473711 0.0262826 0.880288 189.286
0.877517 -0.0840975 -0.472114 -150.211 0.0593786 0.995981 -0.0670468 -14.2981 0.475856 0.0308011 0.878984 190.024
0.876847 -0.0867833 -0.472872 -150.619 0.0619869 0.995771 -0.0678053 -14.3677 0.476757 0.030143 0.878518 190.765
0.874785 -0.0866702 -0.476696 -151.004 0.0626299 0.995844 -0.0661266 -14.4496 0.480446 0.0279912 0.876578 191.542
0.873344 -0.0855058 -0.47954 -151.397 0.0626098 0.996011 -0.063571 -14.5185 0.483063 0.0254955 0.875214 192.303
0.874676 -0.0806605 -0.477949 -151.856 0.0604551 0.996511 -0.0575385 -14.6051 0.480923 0.0214332 0.876501 193.047
0.873308 -0.0787211 -0.480765 -152.265 0.0595669 0.996708 -0.0549993 -14.6601 0.483512 0.0193936 0.875123 193.818
0.872317 -0.0782621 -0.482637 -152.688 0.0594869 0.996761 -0.0541135 -14.7228 0.485309 0.0184935 0.874147 194.583
0.871871 -0.0796649 -0.483212 -153.121 0.0603248 0.996637 -0.0554652 -14.7983 0.486005 0.0192088 0.873745 195.342
0.870915 -0.0817296 -0.484589 -153.537 0.0592195 0.996342 -0.0616097 -14.8518 0.487852 0.0249597 0.87257 196.101
0.870717 -0.0803743 -0.485172 -153.973 0.0560615 0.996345 -0.0644448 -14.9202 0.488578 0.0289137 0.872041 196.859
0.870082 -0.0787869 -0.486569 -154.411 0.0551849 0.996507 -0.0626762 -14.9928 0.489807 0.0276822 0.871391 197.617
0.869228 -0.080696 -0.487782 -154.842 0.0586549 0.996454 -0.0603249 -15.0562 0.49092 0.0238252 0.870879 198.395
0.869264 -0.0776594 -0.48821 -155.261 0.0549057 0.99664 -0.0607749 -15.1292 0.49129 0.0260239 0.870607 199.151
0.869868 -0.0838007 -0.486115 -155.767 0.060809 0.996165 -0.0629142 -15.2155 0.489523 0.0251668 0.871627 200.018
0.871157 -0.0816014 -0.484175 -156.183 0.0585253 0.99632 -0.0626145 -15.2736 0.487503 0.0262106 0.872728 200.782
0.873593 -0.0795811 -0.480106 -156.584 0.0580231 0.996534 -0.059605 -15.3438 0.483185 0.0242133 0.875183 201.508
0.875741 -0.0833306 -0.475535 -157.01 0.0608953 0.99619 -0.0624237 -15.4037 0.478925 0.0257092 0.877479 202.263
0.87823 -0.0838063 -0.470838 -157.435 0.059927 0.996051 -0.0655122 -15.4715 0.474469 0.0293189 0.879784 203.041
0.881561 -0.0796414 -0.465304 -157.876 0.0556575 0.996326 -0.065083 -15.5626 0.468778 0.0314769 0.882755 203.834
0.885393 -0.0756995 -0.458637 -158.289 0.0527362 0.996639 -0.0626918 -15.6575 0.461841 0.0313201 0.886409 204.563
0.887558 -0.0787304 -0.453918 -158.684 0.0556585 0.996397 -0.0639909 -15.7293 0.457321 0.0315313 0.888743 205.323
0.889542 -0.0805938 -0.449688 -159.08 0.0573501 0.996229 -0.0650997 -15.8043 0.453239 0.0321193 0.89081 206.111
0.890056 -0.0825937 -0.448307 -159.464 0.0600781 0.996124 -0.0642434 -15.8591 0.451875 0.0302468 0.891568 206.9
0.891672 -0.0770726 -0.446072 -159.861 0.0567198 0.996656 -0.0588234 -15.9342 0.449114 0.0271501 0.893062 207.69
0.893065 -0.0761923 -0.443429 -160.252 0.0569042 0.99677 -0.0566652 -15.9936 0.446315 0.0253727 0.894516 208.475
0.894761 -0.0766829 -0.439911 -160.655 0.0557489 0.99662 -0.0603344 -16.065 0.443051 0.0294602 0.896012 209.28
0.89598 -0.0807479 -0.436691 -161.029 0.05773 0.996165 -0.0657521 -16.1244 0.440325 0.0337024 0.897206 210.056
0.897222 -0.0814056 -0.434012 -161.42 0.0575395 0.996033 -0.0678715 -16.1873 0.437816 0.0359229 0.898347 210.839
0.898358 -0.0826688 -0.431414 -161.773 0.0604987 0.996057 -0.0648873 -16.2593 0.435077 0.032192 0.899818 211.597
0.898657 -0.0877325 -0.429789 -162.115 0.0670346 0.995753 -0.0630981 -16.3235 0.4335 0.0278928 0.900722 212.381
0.901083 -0.0906781 -0.42406 -162.531 0.0690111 0.995416 -0.0662116 -16.3832 0.42812 0.0303973 0.90321 213.175
0.904926 -0.0907111 -0.41579 -162.96 0.0693767 0.995394 -0.0661694 -16.4774 0.419877 0.0310323 0.907051 213.973
0.908446 -0.0907282 -0.408038 -163.395 0.0701569 0.995407 -0.0651355 -16.56 0.412074 0.0305453 0.910638 214.763
0.909946 -0.093193 -0.40412 -163.735 0.0740671 0.995278 -0.0627433 -16.6393 0.408058 0.0271611 0.912552 215.531
0.911039 -0.0955667 -0.401092 -164.061 0.0767549 0.995073 -0.0627515 -16.7061 0.405113 0.0263833 0.913886 216.314
0.912884 -0.0973883 -0.396431 -164.388 0.0784556 0.994878 -0.0637402 -16.7626 0.400608 0.0270852 0.915849 217.086
0.915374 -0.096995 -0.390747 -164.738 0.0778414 0.99487 -0.0646032 -16.838 0.395009 0.0287198 0.918228 217.877
0.917224 -0.0976191 -0.386225 -165.046 0.0783585 0.994781 -0.0653436 -16.8991 0.390588 0.0296707 0.920087 218.653
0.9193 -0.099281 -0.380829 -165.36 0.0804315 0.994629 -0.06514 -16.9516 0.385251 0.0292526 0.922348 219.424
0.92154 -0.0983165 -0.375631 -165.673 0.0801978 0.994747 -0.0636121 -17.021 0.379911 0.0284964 0.924584 220.193
0.923584 -0.0975036 -0.370789 -165.959 0.0804291 0.994875 -0.0612769 -17.0943 0.374864 0.0267722 0.926693 220.947
0.926847 -0.0980643 -0.362405 -166.287 0.0803599 0.994732 -0.0636479 -17.1485 0.366737 0.0298691 0.929845 221.714
0.929248 -0.0952917 -0.356955 -166.582 0.0768921 0.994891 -0.0654227 -17.2214 0.361365 0.033347 0.931828 222.483
0.931809 -0.0967802 -0.349808 -166.876 0.0768706 0.994553 -0.0703936 -17.2811 0.354715 0.0387034 0.934173 223.266
0.931386 -0.0997542 -0.3501 -167.122 0.0784499 0.994126 -0.0745537 -17.3455 0.35548 0.0419729 0.933741 224.061
0.934155 -0.101031 -0.342268 -167.426 0.0782823 0.993742 -0.0796773 -17.4075 0.348176 0.0476375 0.936218 224.817
0.936024 -0.100218 -0.337366 -167.699 0.0783001 0.993874 -0.0779963 -17.4814 0.343116 0.0465907 0.938137 225.573
0.938261 -0.0994523 -0.331325 -167.958 0.0786613 0.994029 -0.0756166 -17.5589 0.336867 0.0448856 0.940482 226.286
0.940353 -0.0977214 -0.325865 -168.193 0.0776123 0.99422 -0.0741833 -17.6442 0.33123 0.0444673 0.942502 226.973
0.942118 -0.0951224 -0.321505 -168.415 0.0744978 0.99433 -0.0758847 -17.7134 0.3269 0.0475409 0.943862 227.652
0.944573 -0.0927869 -0.314915 -168.64 0.0707224 0.994217 -0.0808086 -17.7791 0.320592 0.0540581 0.945673 228.296
0.947634 -0.0859703 -0.307571 -168.83 0.0630261 0.994488 -0.0837882 -17.8493 0.313079 0.0600155 0.947829 228.908
0.951233 -0.0813386 -0.297557 -168.947 0.0583342 0.994637 -0.0854056 -17.912 0.302908 0.0638829 0.950876 229.476
0.955764 -0.0804631 -0.282915 -169.119 0.0592226 0.9948 -0.0828583 -17.9816 0.288111 0.0624381 0.955559 230.032
