1 0 0 0 0 1 0 0 0 0 1 0
0.994366 -0.105556 -0.00970681 -0.248171 0.105552 0.994413 -0.000892787 -0.511125 0.00974682 -0.000136821 0.999952 -1.05084
0.994985 -0.0989686 -0.0145046 -0.467768 0.0991079 0.995034 0.0092161 -0.83281 0.0135204 -0.0106074 0.999852 -0.47328
0.994927 -0.0964422 -0.0286342 -0.405772 0.0967498 0.995263 0.00955448 -0.90139 0.0275771 -0.0122764 0.999544 1.70099
0.993228 -0.0714426 -0.0916141 0.814214 0.069236 0.997234 -0.0270468 -0.0819781 0.093293 0.0205207 0.995427 4.27053
0.987319 -0.0773857 -0.138608 1.83334 0.071233 0.996264 -0.0488204 0.375979 0.141868 0.0383278 0.989143 6.82177
0.985899 -0.121253 -0.11533 1.47378 0.118789 0.992524 -0.0280277 -0.178907 0.117867 0.0139326 0.992932 4.80089
0.98437 -0.119663 -0.129218 1.64246 0.116181 0.99264 -0.0341851 -0.131744 0.132358 0.0186381 0.991027 4.88468
0.976805 -0.162023 -0.139999 1.72787 0.15783 0.98663 -0.0406265 -0.25593 0.14471 0.0175881 0.989318 5.20992
0.978731 -0.14693 -0.143171 1.695 0.142261 0.988922 -0.042381 -0.311029 0.147812 0.021112 0.98879 5.30782
0.979055 -0.156656 -0.13004 1.25668 0.154107 0.987614 -0.0295032 -0.632757 0.133051 0.00884515 0.99107 6.91374
0.96448 -0.217419 -0.150021 1.60309 0.214647 0.976078 -0.0346304 -0.594372 0.153961 0.0011988 0.988076 7.60908
0.963166 -0.2119 -0.165561 1.8115 0.207759 0.977272 -0.0421415 -0.462388 0.170728 0.00619247 0.985299 8.34694
0.960618 -0.218331 -0.171887 1.61005 0.2142 0.975867 -0.0424526 -0.540004 0.177007 0.00396247 0.984202 10.3067
0.959821 -0.217869 -0.176851 1.54413 0.21373 0.975974 -0.042364 -0.617375 0.181831 0.00286358 0.983326 11.1153
0.957086 -0.220068 -0.188563 1.61711 0.214909 0.975471 -0.0476427 -0.56886 0.194423 0.00507425 0.980905 11.5382
0.957413 -0.209353 -0.198827 1.65872 0.204579 0.977838 -0.0444972 -0.698979 0.203736 0.00192637 0.979024 11.4047
0.953131 -0.21336 -0.21452 1.8099 0.206928 0.976958 -0.0522792 -0.688064 0.220731 0.00543893 0.97532 11.6669
0.945672 -0.223699 -0.235931 1.99628 0.213865 0.974575 -0.0668211 -0.679295 0.24488 0.0127334 0.96947 11.9279
0.943773 -0.226935 -0.240401 2.02305 0.21605 0.973792 -0.0710693 -0.818358 0.250229 0.0151346 0.968068 11.5276
0.941919 -0.226134 -0.248299 2.11796 0.21395 0.973932 -0.0753771 -0.820571 0.258872 0.0178757 0.965746 11.7289
0.940325 -0.237392 -0.243791 2.16627 0.225738 0.971289 -0.0751029 -0.831273 0.25462 0.0155883 0.966915 12.1511
0.932513 -0.250032 -0.260584 2.22658 0.235928 0.968081 -0.0845996 -0.791664 0.273419 0.0174111 0.961737 13.1623
0.924631 -0.25572 -0.282248 2.35598 0.239468 0.966605 -0.0912715 -0.776052 0.296162 0.0168032 0.95499 13.7684
0.914781 -0.285614 -0.285659 2.40076 0.271648 0.95834 -0.0882763 -0.883437 0.298971 0.0031549 0.954257 14.0916
0.900496 -0.29271 -0.321603 2.62713 0.273022 0.956172 -0.1058 -0.874413 0.338476 0.00746744 0.940945 14.1731
0.895381 -0.277725 -0.348083 2.71481 0.25167 0.960475 -0.118957 -0.771627 0.367362 0.0189104 0.929886 14.8193
0.887282 -0.310995 -0.340607 2.72835 0.291263 0.950408 -0.109041 -1.05006 0.357627 -0.00245593 0.933861 14.2574
0.852463 -0.402216 -0.33396 2.83258 0.360007 0.91485 -0.18288 -0.882481 0.379081 0.03567 0.924676 14.0671
0.841008 -0.408517 -0.354711 3.09779 0.357022 0.911666 -0.203469 -0.675988 0.406498 0.0444792 0.912568 14.4859
0.828548 -0.411969 -0.379196 3.14157 0.35368 0.910095 -0.215956 -0.743687 0.434072 0.0448164 0.899763 15.7007
0.834445 -0.420962 -0.355659 2.20496 0.370891 0.906319 -0.202546 -1.3921 0.407605 0.0371027 0.912404 16.6888
0.816782 -0.436693 -0.377048 2.24085 0.3771 0.898688 -0.223955 -1.32461 0.436648 0.0407373 0.898709 17.6332
0.796247 -0.441626 -0.413471 2.53495 0.365483 0.895788 -0.252954 -1.08041 0.482093 0.0502978 0.874675 18.3112
0.770517 -0.451484 -0.449963 2.82413 0.354565 0.890201 -0.286052 -0.865263 0.529705 0.0608669 0.845995 19.0631
0.7712 -0.454482 -0.445754 2.18959 0.366695 0.88953 -0.272528 -1.52942 0.520371 0.046718 0.852661 20.2446
0.772073 -0.457993 -0.44062 1.19653 0.369605 0.887581 -0.27494 -2.16927 0.517006 0.0494186 0.854554 21.9984
0.778832 -0.463849 -0.422214 -0.3185 0.374302 0.883848 -0.280554 -2.7226 0.503308 0.0604689 0.861989 23.5783
0.779749 -0.457025 -0.427926 -0.566917 0.382808 0.88886 -0.251765 -3.60804 0.495429 0.0325002 0.86804 24.9999
0.775706 -0.465014 -0.426664 -1.05256 0.397955 0.885135 -0.241181 -4.03126 0.489807 0.0172928 0.871659 26.5677
0.766883 -0.485124 -0.420172 -0.751145 0.426308 0.874444 -0.231538 -4.26066 0.479742 -0.00156008 0.877408 25.3274
0.766592 -0.477193 -0.42968 -0.909744 0.410599 0.87874 -0.24336 -4.26776 0.493707 0.0101323 0.86957 26.17
0.768729 -0.476508 -0.426611 -1.97426 0.408685 0.879053 -0.245441 -4.86723 0.491968 0.0143277 0.870495 28.1031
0.772454 -0.473142 -0.423617 -3.00084 0.405663 0.880828 -0.244091 -5.47097 0.488624 0.0167036 0.872335 29.9153
0.775381 -0.469752 -0.422039 -4.08729 0.401517 0.882566 -0.244666 -6.09829 0.487409 0.0202538 0.872939 32.0003
0.768384 -0.470833 -0.433478 -4.76008 0.396356 0.881886 -0.255302 -6.40462 0.502483 0.0243587 0.864244 34.2185
0.760405 -0.474127 -0.443834 -5.36377 0.387922 0.879678 -0.275105 -6.47846 0.520866 0.0370181 0.852836 36.3457
0.758922 -0.473319 -0.447221 -6.33593 0.385163 0.880046 -0.277792 -7.14769 0.525059 0.0385696 0.850191 38.362
0.753281 -0.478435 -0.451296 -6.35605 0.393426 0.877655 -0.273746 -7.27919 0.527052 0.0286564 0.849349 38.7209
0.745545 -0.495874 -0.445278 -6.36688 0.409434 0.867968 -0.281062 -7.30557 0.525858 0.0272325 0.850136 38.9743
0.690615 -0.555795 -0.462756 -5.25695 0.447648 0.831059 -0.330079 -7.16496 0.568033 0.0208055 0.822742 36.1866
0.877088 -0.413679 -0.244104 -8.45862 0.464286 0.860403 0.210108 -17.7541 0.123111 -0.297617 0.946714 30.9056
0.881887 -0.410295 -0.232237 -8.7026 0.456835 0.865406 0.205847 -17.6324 0.116521 -0.287628 0.950628 31.1996
0.878042 -0.417721 -0.233563 -8.69172 0.462979 0.864998 0.193467 -17.369 0.121216 -0.278007 0.9529 31.8458
0.864555 -0.448937 -0.225833 -8.62326 0.487805 0.857713 0.162401 -16.8252 0.120792 -0.250567 0.960534 32.7579
0.868152 -0.438813 -0.231851 -8.62808 0.481825 0.857207 0.181771 -16.9463 0.118981 -0.269517 0.955617 33.0644
0.857391 -0.446878 -0.255304 -7.97745 0.492546 0.856333 0.155217 -16.3151 0.149262 -0.25883 0.95432 33.3946
0.875725 -0.437587 -0.204016 -10.1252 0.474212 0.858957 0.193173 -16.7921 0.0907109 -0.265913 0.95972 35.6953
0.866831 -0.452221 -0.210001 -10.0034 0.489764 0.851211 0.188602 -16.4919 0.0934656 -0.266337 0.959338 36.2257
0.857535 -0.466284 -0.217284 -9.93165 0.505733 0.841468 0.190171 -16.242 0.0941634 -0.272966 0.957404 36.9278
0.854351 -0.470987 -0.219671 -9.84128 0.510452 0.839873 0.184533 -15.9887 0.097583 -0.269788 0.957963 37.5486
0.856832 -0.467731 -0.216949 -9.7878 0.505503 0.844922 0.174854 -15.733 0.101521 -0.259489 0.960395 38.1072
0.852772 -0.472519 -0.222501 -9.71755 0.511028 0.842857 0.168649 -15.4592 0.107847 -0.257523 0.960235 38.8094
0.848857 -0.475338 -0.231289 -9.66446 0.516354 0.839294 0.170189 -15.3132 0.113222 -0.263893 0.957884 39.6362
0.858233 -0.472179 -0.201203 -10.6952 0.506182 0.843532 0.179536 -15.3992 0.0849483 -0.25593 0.962956 41.0022
0.849872 -0.484216 -0.207971 -10.5922 0.519496 0.836103 0.176226 -15.1397 0.0885535 -0.25781 0.962129 41.6269
0.858794 -0.481007 -0.176366 -11.6298 0.509325 0.838762 0.192526 -15.2748 0.0553229 -0.255168 0.965313 42.982
0.857873 -0.488756 -0.158658 -12.606 0.512399 0.836918 0.192395 -15.0967 0.0387492 -0.246347 0.968407 44.5691
0.847208 -0.495624 -0.191297 -12.2002 0.524921 0.83641 0.157722 -14.3017 0.0818315 -0.234039 0.968777 45.5237
0.839321 -0.498414 -0.21708 -12.0828 0.531959 0.835292 0.138948 -13.8428 0.112071 -0.2321 0.966214 46.798
0.831462 -0.504649 -0.232381 -11.9903 0.540395 0.83172 0.127341 -13.5592 0.129014 -0.231457 0.964253 47.5595
0.825684 -0.5042 -0.253037 -11.9319 0.542203 0.833124 0.109182 -13.1181 0.155762 -0.227348 0.961276 48.8396
0.814794 -0.515698 -0.264889 -11.972 0.550717 0.831255 0.0756691 -12.1803 0.181168 -0.207533 0.961305 50.4355
0.808164 -0.519947 -0.276632 -12.1028 0.551656 0.832782 0.046367 -11.3661 0.206266 -0.190078 0.959857 52.3388
0.800162 -0.523063 -0.293505 -12.1044 0.55369 0.832311 0.0262012 -10.828 0.230582 -0.183476 0.955599 54.4232
0.798465 -0.524567 -0.295437 -12.5521 0.553044 0.833005 0.0156341 -10.5241 0.237899 -0.175873 0.955234 56.5503
0.791111 -0.53185 -0.302123 -12.8054 0.555283 0.831602 -0.00991829 -9.95235 0.256521 -0.159918 0.953217 58.5139
0.76052 -0.547334 -0.349334 -12.1425 0.558417 0.825861 -0.0782477 -8.48709 0.331329 -0.135565 0.933726 60.4674
0.759053 -0.548856 -0.350138 -12.7658 0.556531 0.826104 -0.0884657 -8.32109 0.337805 -0.127712 0.932511 62.5273
0.745718 -0.564421 -0.354025 -13.1267 0.562272 0.81819 -0.120066 -7.81394 0.357427 -0.109523 0.927497 64.2936
0.73679 -0.570454 -0.362936 -13.4916 0.563155 0.814834 -0.137485 -7.62111 0.374162 -0.103092 0.921615 66.0987
0.731301 -0.573825 -0.368678 -13.9726 0.567693 0.811708 -0.137313 -7.91975 0.378052 -0.108878 0.91936 68.0065
0.726842 -0.577981 -0.370997 -14.7072 0.57229 0.808337 -0.138111 -8.25255 0.379716 -0.111933 0.918306 70.1515
0.727966 -0.579891 -0.365775 -15.5857 0.57404 0.807232 -0.137311 -8.5937 0.374891 -0.110012 0.920518 72.1276
0.73117 -0.580229 -0.358782 -16.4401 0.575335 0.807076 -0.132729 -9.00936 0.366577 -0.109373 0.923937 73.9801
0.732966 -0.582513 -0.351338 -17.3242 0.577029 0.805921 -0.132399 -9.32411 0.360275 -0.105688 0.92684 75.9763
0.732665 -0.582267 -0.352373 -17.9732 0.578412 0.805564 -0.128475 -9.63268 0.358666 -0.109688 0.926999 78.045
0.731819 -0.586172 -0.347625 -18.7608 0.581523 0.803083 -0.129955 -9.86804 0.355348 -0.107048 0.928584 80.1353
0.726705 -0.587329 -0.356293 -19.1918 0.575559 0.803709 -0.150945 -9.57013 0.37501 -0.095375 0.922102 82.4049
0.730016 -0.586064 -0.351576 -20.0254 0.575123 0.804709 -0.14723 -9.97183 0.369202 -0.0947193 0.92451 84.4153
0.726891 -0.586421 -0.357408 -20.1896 0.56918 0.805637 -0.164269 -9.89443 0.384271 -0.0840238 0.919389 85.1799
0.741376 -0.572443 -0.350244 -20.5842 0.562811 0.814625 -0.140108 -10.4866 0.365521 -0.0932485 0.926121 85.8587
0.722694 -0.589582 -0.360701 -20.7654 0.567509 0.804066 -0.177232 -10.148 0.394521 -0.0766167 0.915687 87.3112
0.715668 -0.594908 -0.365928 -21.0009 0.56321 0.801401 -0.201373 -10.1164 0.413053 -0.0619779 0.908596 88.2305
0.712147 -0.600516 -0.363631 -21.7583 0.570386 0.796909 -0.198986 -10.5866 0.409275 -0.0657022 0.910042 90.1364
0.730483 -0.596107 -0.333243 -22.7562 0.563041 0.801835 -0.200115 -10.9804 0.386496 -0.0414494 0.921359 91.4548
0.729327 -0.590166 -0.346101 -22.7957 0.545313 0.806946 -0.226873 -10.6433 0.413178 -0.023269 0.910353 94.195
0.740543 -0.59823 -0.306132 -24.3412 0.558858 0.801223 -0.213821 -11.3436 0.373194 -0.012741 0.927666 95.3764
0.742303 -0.597907 -0.302478 -25.0227 0.5602 0.801443 -0.209439 -11.8635 0.367644 -0.013981 0.929862 97.4278
0.745378 -0.58977 -0.310779 -25.4313 0.546499 0.807559 -0.221784 -11.9471 0.381774 -0.00452747 0.924245 99.5128
0.658662 -0.687861 -0.304978 -24.531 0.665999 0.72158 -0.189125 -13.3819 0.350158 -0.0785455 0.933392 97.0931
0.597227 -0.747914 -0.289731 -24.7134 0.677497 0.663758 -0.316896 -12.1541 0.429322 -0.00703306 0.903124 97.9587
0.596931 -0.74954 -0.286117 -25.2518 0.6661 0.661794 -0.344005 -12.1582 0.447196 0.0147651 0.894314 100.218
0.599736 -0.751117 -0.275935 -25.9445 0.666708 0.659733 -0.346776 -12.807 0.442513 0.024006 0.896441 102.171
0.595598 -0.755954 -0.271656 -26.601 0.656931 0.653007 -0.37686 -12.9712 0.462282 0.0459982 0.885539 104.999
0.596912 -0.760493 -0.25563 -27.435 0.658 0.646339 -0.386371 -13.5258 0.459056 0.0624249 0.886211 107.066
0.581788 -0.773208 -0.252334 -27.7433 0.664448 0.630758 -0.400816 -14.0539 0.469076 0.0655271 0.880724 108.606
0.570508 -0.799067 -0.189772 -28.8569 0.703889 0.594774 -0.388309 -15.0654 0.423157 0.087955 0.901777 111.32
0.536071 -0.833584 -0.133286 -29.6265 0.744937 0.541394 -0.389822 -15.9583 0.397109 0.109683 0.911194 113.846
0.53907 -0.836008 -0.102438 -30.2983 0.760297 0.535332 -0.367924 -16.7288 0.362426 0.120454 0.924196 114.366
0.529802 -0.842575 -0.0968394 -30.4649 0.760207 0.522402 -0.386241 -16.8986 0.376026 0.131013 0.9173 116.224
0.52902 -0.844136 -0.0870171 -30.7627 0.761463 0.517453 -0.390406 -17.5852 0.374583 0.140272 0.916521 118.202
0.530542 -0.842674 -0.0917945 -30.7675 0.758505 0.520293 -0.392386 -18.3813 0.378413 0.13855 0.915209 120.336
0.52696 -0.843985 -0.100012 -30.7222 0.757803 0.519874 -0.39429 -19.2459 0.384769 0.131986 0.913528 122.702
0.52703 -0.844231 -0.0975368 -30.9026 0.760963 0.51989 -0.388136 -20.1918 0.378385 0.130337 0.916426 124.765
0.526701 -0.845099 -0.0916201 -31.0476 0.771737 0.520579 -0.365267 -21.2546 0.356382 0.12168 0.926383 125.934
0.526727 -0.845619 -0.0865331 -31.1822 0.780801 0.521554 -0.343995 -22.3373 0.33602 0.113626 0.934976 127.444
0.52861 -0.8451 -0.079856 -31.333 0.78911 0.523891 -0.320692 -23.4191 0.312853 0.106506 0.943811 129.007
0.524938 -0.847101 -0.0828229 -31.378 0.793538 0.522278 -0.312286 -24.21 0.307795 0.0982075 0.946371 130.908
0.520123 -0.849548 -0.0879785 -31.3438 0.792009 0.518306 -0.322614 -24.6021 0.319676 0.0981195 0.942433 132.936
0.531502 -0.843104 -0.0817324 -31.4478 0.790959 0.528517 -0.308306 -24.9249 0.303131 0.0992183 0.94777 132.951
0.532191 -0.844286 -0.0628852 -32.0177 0.795244 0.523994 -0.304988 -25.6556 0.290449 0.112303 0.950278 134.977
0.533912 -0.844107 -0.0492062 -32.5397 0.80443 0.525018 -0.277936 -27.047 0.260442 0.108811 0.959338 136.695
0.526158 -0.849035 -0.0479292 -32.5587 0.803464 0.514798 -0.299045 -27.0512 0.278574 0.118836 0.953034 138.558
0.5119 -0.85756 -0.0504909 -32.451 0.81104 0.501831 -0.300633 -27.3291 0.283149 0.112944 0.952402 140.216
0.509654 -0.859461 -0.0397346 -32.7149 0.813567 0.496436 -0.302753 -27.8714 0.27993 0.121972 0.952241 142.485
0.503942 -0.863146 -0.0319662 -32.831 0.821214 0.490273 -0.291959 -28.5642 0.267675 0.120879 0.955897 144.37
0.503929 -0.863294 -0.0279061 -32.8908 0.823527 0.489958 -0.285911 -29.1943 0.260498 0.121098 0.95785 146.26
0.502777 -0.864094 -0.0235938 -32.9697 0.82646 0.488521 -0.27984 -29.8447 0.253334 0.121198 0.959757 148.199
0.502462 -0.864363 -0.0202167 -33.0085 0.827175 0.487387 -0.279705 -30.3545 0.25162 0.123819 0.959873 150.312
0.501511 -0.864956 -0.0183654 -33.0276 0.829169 0.486603 -0.27513 -30.9729 0.246912 0.122753 0.961232 152.317
0.498452 -0.866793 -0.0146674 -33.0595 0.83207 0.483096 -0.272539 -31.5589 0.243321 0.123643 0.962033 154.383
0.495824 -0.8684 -0.00631689 -33.1007 0.834223 0.478306 -0.274398 -32.0647 0.241309 0.130784 0.961595 156.42
0.497084 -0.867702 -0.0012448 -33.0723 0.83444 0.478421 -0.273538 -32.6253 0.237945 0.134933 0.96186 158.46
0.499224 -0.866473 0.00046048 -33.029 0.834195 0.480483 -0.270657 -33.1812 0.234295 0.135502 0.962676 160.479
0.50044 -0.865765 0.00340567 -32.9736 0.83399 0.48101 -0.270352 -33.714 0.232423 0.138135 0.962755 162.506
0.502327 -0.864548 0.0149744 -33.0971 0.83836 0.482724 -0.25324 -34.5234 0.211709 0.139763 0.967288 164.36
0.503827 -0.863564 0.0203657 -33.0713 0.839511 0.483969 -0.246972 -35.1138 0.20342 0.141529 0.968809 166.285
0.507362 -0.861262 0.0284962 -33.0604 0.840021 0.486932 -0.239296 -35.6587 0.192221 0.145347 0.970528 168.278
0.508139 -0.86064 0.0330787 -33.02 0.841672 0.488059 -0.231056 -36.2502 0.182712 0.14525 0.972378 170.248
0.506722 -0.861391 0.0351892 -32.922 0.843269 0.486749 -0.227976 -36.7245 0.179248 0.145194 0.973031 172.232
0.506156 -0.86154 0.0394469 -32.8766 0.845387 0.486576 -0.220372 -37.285 0.170665 0.14489 0.974618 174.22
0.504309 -0.862532 0.0413539 -32.7403 0.847225 0.484962 -0.216846 -37.7531 0.166982 0.144393 0.975329 176.224
0.503282 -0.862884 0.0462542 -32.6438 0.849137 0.483919 -0.211633 -38.2577 0.160232 0.145787 0.976254 178.285
0.501941 -0.863383 0.0512227 -32.5474 0.851435 0.482849 -0.204731 -38.7657 0.152028 0.146376 0.977477 180.226
0.501671 -0.863031 0.0591874 -32.4975 0.85358 0.482744 -0.195856 -39.2709 0.140458 0.148776 0.978845 182.218
0.501569 -0.86279 0.063415 -32.4027 0.854767 0.48293 -0.190138 -39.7082 0.133424 0.149572 0.979707 184.201
0.504153 -0.861065 0.0663111 -32.2316 0.853821 0.485433 -0.188 -40.0864 0.12969 0.151398 0.979928 186.256
0.50403 -0.861118 0.0665523 -32.0231 0.854175 0.485594 -0.185966 -40.4642 0.127822 0.15058 0.9803 188.319
0.498703 -0.86434 0.0648923 -31.8235 0.857865 0.481487 -0.179551 -40.9056 0.123948 0.145211 0.981606 190.342
0.500039 -0.863246 0.0690457 -31.6785 0.858048 0.483086 -0.174304 -41.3333 0.117113 0.146404 0.982268 192.374
0.501362 -0.861914 0.0757608 -31.5584 0.858331 0.484409 -0.169161 -41.7476 0.109103 0.149839 0.982672 194.415
0.501236 -0.861792 0.0779539 -31.3476 0.859019 0.484723 -0.164714 -42.1362 0.104163 0.149524 0.983256 196.484
0.506282 -0.857273 0.0935979 -31.2986 0.856063 0.486512 -0.174534 -42.2602 0.104087 0.168489 0.980193 198.759
0.507437 -0.856269 0.0964888 -31.0583 0.856278 0.488551 -0.167645 -42.7107 0.0964097 0.167691 0.981114 200.781
0.508979 -0.854905 0.100385 -30.8413 0.856048 0.490518 -0.163015 -43.0977 0.0901216 0.168906 0.981503 202.813
0.510882 -0.853932 0.0989985 -30.5474 0.855321 0.493381 -0.158119 -43.448 0.0861787 0.165455 0.982445 204.799
0.513997 -0.851975 0.0997272 -30.2867 0.851131 0.492086 -0.182833 -43.5285 0.106695 0.178857 0.978073 207.109
0.51552 -0.850606 0.103482 -30.0845 0.851103 0.494302 -0.176886 -43.9456 0.0993091 0.179263 0.978776 209.063
0.515803 -0.849777 0.108747 -29.8857 0.851994 0.495519 -0.169019 -44.3947 0.0897418 0.179832 0.979595 211.082
0.519276 -0.847755 0.108001 -29.4703 0.850433 0.500122 -0.163225 -44.757 0.0843609 0.176606 0.98066 212.794
0.518371 -0.8473 0.115645 -29.2462 0.851986 0.500073 -0.155066 -45.2119 0.0735568 0.178909 0.981112 214.766
0.516416 -0.848006 0.119165 -28.944 0.853325 0.49793 -0.154602 -45.5154 0.0717674 0.181526 0.980764 216.911
0.513899 -0.849016 0.122798 -28.6524 0.855315 0.496104 -0.149391 -45.8689 0.065915 0.181802 0.981123 218.921
0.512841 -0.848605 0.129856 -28.3926 0.856446 0.495322 -0.145452 -46.2028 0.0591109 0.185809 0.980806 220.984
0.513863 -0.847754 0.131369 -28.0383 0.856226 0.497345 -0.139732 -46.5417 0.0531224 0.184285 0.981436 223.019
0.51303 -0.848092 0.132438 -27.6932 0.856999 0.497361 -0.134848 -46.845 0.0484942 0.182681 0.981976 225.102
0.512702 -0.848047 0.13399 -27.3945 0.857522 0.498106 -0.128636 -47.131 0.0423481 0.180851 0.982598 227.129
0.511351 -0.848649 0.135329 -27.1113 0.858635 0.498019 -0.121338 -47.4288 0.0355769 0.178245 0.983343 229.128
0.511323 -0.847787 0.140734 -26.8562 0.858934 0.498826 -0.115785 -47.7254 0.0279592 0.180085 0.983254 231.17
0.510617 -0.846985 0.14794 -26.6159 0.859591 0.499006 -0.109982 -48.014 0.0193298 0.183327 0.982862 233.158
0.511039 -0.846709 0.148063 -26.2032 0.8594 0.500009 -0.106877 -48.2323 0.0164604 0.181864 0.983186 235.2
0.509304 -0.847899 0.147227 -25.8411 0.860496 0.499261 -0.101417 -48.5257 0.0124868 0.17834 0.98389 237.302
0.509179 -0.847745 0.148545 -25.5191 0.860573 0.499026 -0.101914 -48.6852 0.0122694 0.179727 0.98364 239.278
0.505884 -0.848964 0.15278 -25.2165 0.862581 0.496672 -0.0962817 -48.9981 0.00585794 0.180493 0.983559 241.334
0.503687 -0.849977 0.154401 -24.8907 0.863883 0.495059 -0.0928583 -49.2399 0.00248994 0.180155 0.983635 243.317
0.50325 -0.849423 0.158809 -24.6062 0.864134 0.495389 -0.0886673 -49.511 -0.00335603 0.181854 0.98332 245.289
0.503192 -0.847958 0.166628 -24.3432 0.86407 0.496696 -0.081709 -49.7554 -0.0134775 0.185093 0.982629 247.239
0.505787 -0.844239 0.177311 -24.1392 0.86216 0.501686 -0.0706451 -50.0771 -0.0293132 0.188602 0.981616 249.175
0.502574 -0.844031 0.187165 -23.8594 0.863106 0.502282 -0.0525409 -50.4462 -0.0496631 0.187949 0.980922 251.096
0.503891 -0.841899 0.193132 -23.5138 0.861722 0.505349 -0.0453626 -50.6089 -0.0594082 0.189284 0.980124 253.042
0.498568 -0.843883 0.198219 -23.1784 0.8637 0.503072 -0.0306664 -50.9185 -0.0738397 0.186491 0.979678 254.891
0.497215 -0.844241 0.200084 -22.7119 0.863977 0.502911 -0.0250115 -51.0144 -0.0795084 0.185304 0.97946 256.909
0.493397 -0.843521 0.212208 -22.4375 0.864866 0.501733 -0.0164932 -51.2245 -0.0925592 0.191669 0.977085 259.002
0.492293 -0.843091 0.216437 -21.9586 0.864954 0.501678 -0.0131689 -51.2646 -0.0974793 0.193691 0.976208 260.985
0.488693 -0.843114 0.224362 -21.5805 0.865984 0.50002 -0.00724875 -51.3565 -0.106074 0.197836 0.974479 263.037
0.486821 -0.843311 0.227664 -21.0687 0.865847 0.500306 0.00176286 -51.4626 -0.115389 0.196264 0.973738 265.102
0.48604 -0.843056 0.230264 -20.5562 0.865421 0.500989 0.00752673 -51.511 -0.121705 0.195617 0.973099 267.129
0.483559 -0.844706 0.229439 -20 0.866149 0.499595 0.0138474 -51.5412 -0.126323 0.192032 0.973225 269.102
0.483828 -0.844382 0.230064 -19.4737 0.865436 0.500707 0.0176709 -51.5569 -0.130116 0.190556 0.973015 271.057
0.486278 -0.838109 0.2472 -19.17 0.862161 0.506226 0.0203187 -51.5441 -0.142168 0.203245 0.968752 272.963
0.48452 -0.837878 0.251398 -18.628 0.862175 0.506005 0.0247792 -51.5217 -0.14797 0.204743 0.967567 274.957
0.49916 -0.827268 0.257811 -18.0136 0.854737 0.518959 0.0103483 -50.9503 -0.142354 0.215195 0.96614 276.48
0.509685 -0.820319 0.259419 -17.3981 0.846238 0.532395 0.0208884 -50.7546 -0.155249 0.208884 0.965539 277.449
0.506065 -0.824351 0.253661 -16.6791 0.850498 0.525839 0.0120983 -50.4104 -0.143358 0.209615 0.967218 279.621
0.505922 -0.823857 0.255544 -16.0908 0.849939 0.526661 0.0152208 -50.3638 -0.147125 0.209496 0.966678 281.6
0.504435 -0.825035 0.254681 -15.4681 0.850548 0.525589 0.0179956 -50.3333 -0.148704 0.207541 0.966858 283.59
0.502102 -0.825176 0.258803 -14.9444 0.850781 0.525002 0.0233376 -50.3518 -0.15513 0.208467 0.965648 285.669
0.504201 -0.828368 0.244108 -14.1289 0.851439 0.524079 0.0198009 -50.1907 -0.144334 0.19786 0.969546 287.652
0.5094 -0.824542 0.246258 -13.5516 0.847851 0.529848 0.0202514 -50.1417 -0.147177 0.198474 0.968993 289.663
0.527786 -0.809451 0.257355 -13.0785 0.838659 0.544613 -0.00697365 -49.761 -0.134514 0.219514 0.966292 291.797
0.512107 -0.822013 0.249079 -12.5716 0.850754 0.525338 -0.0154279 -49.1948 -0.118169 0.219806 0.96836 293.235
0.534998 -0.824057 0.186296 -10.0802 0.843048 0.535121 -0.0539956 -47.9569 -0.0551954 0.185944 0.981009 295.216
0.539693 -0.820623 0.187906 -9.64888 0.840731 0.536937 -0.0697874 -47.573 -0.0436244 0.195642 0.979705 297.334
0.539166 -0.820493 0.189978 -9.22765 0.841093 0.536139 -0.0715372 -47.6358 -0.0431591 0.19836 0.979179 299.304
0.5387 -0.817671 0.203021 -9.0151 0.840085 0.539552 -0.0560433 -48.0364 -0.0637154 0.200746 0.977569 301.073
0.54588 -0.811024 0.210369 -8.57665 0.835138 0.54691 -0.0586037 -48.0988 -0.0675237 0.207677 0.975864 303.039
0.545158 -0.811045 0.212152 -8.1181 0.835218 0.547249 -0.0541255 -48.2708 -0.0722018 0.2067 0.975737 305.002
0.544841 -0.811234 0.212244 -7.60373 0.835299 0.547294 -0.0523963 -48.3826 -0.0736542 0.205835 0.975811 306.966
0.543483 -0.811116 0.216141 -7.15888 0.835796 0.546791 -0.0496456 -48.4895 -0.0779153 0.207631 0.975099 308.9
0.544978 -0.804146 0.237378 -6.96322 0.834208 0.548479 -0.0571565 -48.4316 -0.0842346 0.229172 0.969734 310.955
0.553039 -0.796925 0.243018 -6.39217 0.829746 0.553184 -0.0742146 -48.2477 -0.0752904 0.242687 0.967179 313.127
0.553395 -0.786224 0.274966 -6.36553 0.824939 0.562953 -0.0505858 -48.7198 -0.115021 0.254824 0.960122 314.771
0.55144 -0.787267 0.275907 -5.74164 0.82601 0.56156 -0.0485601 -48.809 -0.116709 0.25468 0.959957 316.754
0.550468 -0.786134 0.281029 -5.24194 0.825334 0.563127 -0.0413728 -48.9938 -0.125731 0.254717 0.958807 318.643
0.549869 -0.785717 0.283361 -4.62528 0.826436 0.560958 -0.0482679 -48.9124 -0.121029 0.260721 0.957798 320.761
0.558485 -0.78308 0.273643 -3.76501 0.821922 0.566928 -0.0551089 -48.5244 -0.111981 0.255691 0.960251 322.188
0.560104 -0.781397 0.275141 -3.12219 0.821044 0.567834 -0.058758 -48.5708 -0.110321 0.258814 0.959607 324.194
0.561531 -0.779129 0.278642 -2.53621 0.819509 0.570215 -0.0570953 -48.6995 -0.114401 0.260411 0.958696 326.176
0.562021 -0.776968 0.283642 -1.98874 0.817939 0.57304 -0.0509978 -48.8909 -0.122915 0.260664 0.957573 328.11
0.560254 -0.777168 0.286575 -1.4135 0.818029 0.573493 -0.0439768 -49.0887 -0.130171 0.259065 0.957048 330.065
0.560081 -0.778222 0.284042 -0.704022 0.818685 0.572393 -0.046052 -49.0489 -0.126745 0.258334 0.957705 332.051
0.558249 -0.779914 0.283005 -0.0335405 0.819905 0.570778 -0.04436 -49.0794 -0.126936 0.256801 0.958092 333.993
0.554327 -0.781697 0.285783 0.580501 0.821967 0.568097 -0.040446 -49.1918 -0.130736 0.257325 0.95744 335.953
0.552224 -0.781335 0.290798 1.19299 0.822666 0.567246 -0.0381239 -49.2836 -0.135167 0.260283 0.956025 337.928
0.550717 -0.781097 0.294276 1.85812 0.823649 0.565697 -0.0398712 -49.3046 -0.135328 0.264338 0.954888 339.907
0.546193 -0.781475 0.301614 2.4507 0.825251 0.563755 -0.03377 -49.4697 -0.143646 0.267352 0.952832 341.825
0.54619 -0.778918 0.308161 3.04964 0.823741 0.566236 -0.0287747 -49.5563 -0.152079 0.269561 0.950899 343.71
0.544623 -0.778248 0.312595 3.67694 0.822934 0.567777 -0.0202127 -49.6856 -0.161754 0.268253 0.949671 345.617
0.544884 -0.776902 0.315477 4.34375 0.821557 0.569916 -0.015483 -49.7395 -0.167766 0.267619 0.948807 347.587
0.547445 -0.775705 0.313983 5.04659 0.818787 0.574019 -0.00946313 -49.7836 -0.172892 0.262266 0.949381 349.461
0.545968 -0.774624 0.319181 5.64662 0.817789 0.575514 -0.00212847 -49.8469 -0.182044 0.262185 0.947691 351.459
0.545143 -0.774099 0.321854 6.33246 0.817184 0.576373 0.0021354 -49.8494 -0.187161 0.26185 0.946787 353.408
0.543759 -0.772928 0.326969 6.97992 0.816599 0.57717 0.00635442 -49.8961 -0.193628 0.263548 0.945014 355.356
0.543931 -0.77009 0.333317 7.69069 0.815777 0.578346 0.0049576 -49.8409 -0.19659 0.269215 0.942802 357.344
0.543076 -0.769074 0.337036 8.4337 0.815573 0.578622 0.00618738 -49.8422 -0.199775 0.271517 0.941472 359.265
0.5419 -0.76802 0.341306 9.17199 0.815907 0.578157 0.00555633 -49.7834 -0.201596 0.275463 0.939936 361.227
0.540273 -0.767988 0.343947 9.90044 0.816331 0.577539 0.00727083 -49.795 -0.204226 0.276846 0.938961 363.176
0.539945 -0.767752 0.344987 10.646 0.815654 0.57844 0.0106976 -49.8369 -0.207767 0.275614 0.938547 365.07
0.538671 -0.768664 0.344949 11.3797 0.815925 0.577992 0.0138184 -49.8566 -0.209999 0.274009 0.93852 366.945
0.538575 -0.768786 0.344825 12.1214 0.815525 0.5785 0.0160129 -49.832 -0.211792 0.272589 0.93853 368.841
0.537356 -0.768646 0.347032 12.8679 0.814717 0.579446 0.0218876 -49.8423 -0.21791 0.270972 0.937598 370.795
0.53678 -0.768383 0.348503 13.6532 0.814205 0.580047 0.0248184 -49.8077 -0.221218 0.270431 0.936979 372.728
0.530888 -0.769439 0.355136 14.3174 0.816407 0.576741 0.0291337 -49.7951 -0.227238 0.274469 0.934361 374.66
0.529515 -0.766987 0.362415 15.0183 0.814632 0.578923 0.0349522 -49.7937 -0.236618 0.276727 0.931361 376.493
0.532856 -0.763687 0.364481 15.9171 0.814455 0.57973 0.023994 -49.465 -0.229624 0.284068 0.930902 378.53
0.53232 -0.762223 0.368309 16.7389 0.813224 0.581293 0.0276375 -49.4572 -0.235162 0.284806 0.929293 380.512
0.52939 -0.762369 0.37221 17.4692 0.813107 0.581131 0.0338145 -49.4449 -0.242082 0.284745 0.927532 382.381
0.529655 -0.762208 0.372161 18.323 0.811944 0.582529 0.0375044 -49.3704 -0.245381 0.28231 0.92741 384.338
0.529852 -0.760426 0.375512 19.0863 0.809783 0.585193 0.0424248 -49.3099 -0.252008 0.281604 0.925846 386.264
0.531424 -0.759705 0.374749 19.934 0.808596 0.586797 0.0429222 -49.1781 -0.25251 0.28021 0.926132 388.212
0.529584 -0.76172 0.373261 20.786 0.809091 0.585765 0.0474391 -49.0789 -0.254779 0.276879 0.926513 390.111
0.53 -0.762123 0.371845 21.6875 0.810538 0.584176 0.0420329 -48.8297 -0.249257 0.279117 0.927343 392.007
0.528416 -0.761905 0.374537 22.5464 0.811898 0.582467 0.0394206 -48.6925 -0.24819 0.283256 0.926373 393.956
0.522259 -0.764771 0.377321 23.356 0.814278 0.578665 0.0458026 -48.7024 -0.253371 0.283324 0.924949 395.795
0.51981 -0.763942 0.382348 24.1488 0.814058 0.578673 0.0494749 -48.6483 -0.259051 0.285536 0.922693 397.709
0.51797 -0.763838 0.385043 24.9445 0.81311 0.579442 0.0556663 -48.5986 -0.26563 0.284249 0.921218 399.596
0.517464 -0.762694 0.387979 25.7504 0.811495 0.581242 0.060287 -48.4966 -0.27149 0.283646 0.919694 401.482
0.515116 -0.763299 0.389911 26.5689 0.811322 0.580931 0.0653976 -48.3846 -0.276429 0.282656 0.918527 403.407
0.512701 -0.764611 0.390521 27.431 0.811707 0.579889 0.0697195 -48.2496 -0.279767 0.281244 0.91795 405.307
0.510498 -0.765614 0.391443 28.2108 0.811505 0.579499 0.0751082 -48.0966 -0.284344 0.279315 0.917132 407.052
0.507214 -0.766661 0.393656 29.0422 0.812342 0.577847 0.0787007 -47.9655 -0.28781 0.279866 0.915883 408.979
0.501953 -0.769416 0.395023 29.9338 0.815062 0.573605 0.0815605 -47.8319 -0.289341 0.281028 0.915044 410.879
0.500897 -0.76687 0.401264 30.7821 0.814321 0.574637 0.0816942 -47.6781 -0.29323 0.285837 0.912312 412.779
0.498754 -0.765505 0.406505 31.6507 0.813918 0.574882 0.0839589 -47.5463 -0.297963 0.288987 0.909783 414.715
0.48649 -0.777294 0.398926 32.5898 0.822148 0.561788 0.0920165 -47.392 -0.295636 0.283211 0.912355 416.471
0.485486 -0.776892 0.400927 33.4551 0.821305 0.56246 0.0953755 -47.1962 -0.299602 0.28298 0.911132 418.395
0.487149 -0.776441 0.399781 34.3908 0.82084 0.563378 0.0939491 -46.9409 -0.298174 0.282389 0.911783 420.331
0.48887 -0.775251 0.399991 35.2921 0.820061 0.564776 0.0923512 -46.6659 -0.297501 0.282869 0.911854 422.275
0.487721 -0.77524 0.401411 36.1601 0.819166 0.565366 0.0965835 -46.482 -0.301819 0.281716 0.910791 424.215
0.487262 -0.773458 0.405386 36.99 0.819145 0.565706 0.0947536 -46.1736 -0.302617 0.2859 0.909222 426.133
0.485635 -0.773593 0.407077 37.8962 0.819225 0.565237 0.0968345 -45.9995 -0.305006 0.286462 0.908246 428.061
0.485281 -0.772556 0.409463 38.789 0.818877 0.565732 0.0968946 -45.7663 -0.306502 0.288278 0.907167 429.97
0.487028 -0.774368 0.403927 39.8572 0.818943 0.565628 0.096939 -45.5323 -0.303539 0.283582 0.90964 431.803
0.488697 -0.771988 0.40646 40.777 0.816928 0.568449 0.0974398 -45.2949 -0.306274 0.28443 0.908458 433.706
0.489573 -0.769379 0.410334 41.6713 0.814316 0.571682 0.100341 -45.0936 -0.311781 0.285017 0.906398 435.618
0.490151 -0.768709 0.410901 42.6298 0.812819 0.573337 0.103006 -44.8689 -0.314766 0.2835 0.905842 437.526
0.490174 -0.767448 0.413222 43.5457 0.810982 0.575303 0.106464 -44.6736 -0.319434 0.28293 0.904385 439.456
0.488546 -0.767928 0.414258 44.4617 0.811316 0.57451 0.108187 -44.3753 -0.321075 0.28324 0.903707 441.303
0.488108 -0.76617 0.418011 45.3428 0.810151 0.575895 0.109547 -44.0954 -0.324662 0.285181 0.901813 443.249
0.487388 -0.765071 0.420855 46.2563 0.809257 0.576801 0.111373 -43.8435 -0.327958 0.286298 0.900265 445.114
0.486935 -0.764305 0.422768 47.1959 0.807303 0.578589 0.116174 -43.6468 -0.333401 0.284733 0.898761 447.013
0.484195 -0.763506 0.427334 48.0872 0.807012 0.578412 0.119039 -43.3974 -0.338062 0.287226 0.896223 448.978
0.482955 -0.761818 0.431728 49.0241 0.805819 0.579601 0.121317 -43.151 -0.342651 0.289304 0.893808 450.904
0.478922 -0.763337 0.433533 49.9678 0.80727 0.576982 0.124125 -42.9103 -0.34489 0.290532 0.892548 452.826
0.476981 -0.762627 0.436909 50.8855 0.806154 0.577651 0.128198 -42.6973 -0.350148 0.291068 0.890323 454.752
0.47773 -0.763235 0.435025 51.8869 0.804547 0.578974 0.132261 -42.4538 -0.352814 0.286813 0.890652 456.602
0.479967 -0.761595 0.435437 52.8782 0.802297 0.581845 0.133324 -42.1289 -0.354896 0.285359 0.890292 458.504
0.480026 -0.760868 0.436641 53.822 0.800435 0.58357 0.136932 -41.8684 -0.358998 0.283772 0.889154 460.4
0.481516 -0.758796 0.4386 54.8356 0.800338 0.584652 0.132822 -41.4618 -0.357213 0.287072 0.888813 462.316
0.479171 -0.75721 0.443877 55.7642 0.800324 0.584571 0.133261 -41.1789 -0.360385 0.291391 0.886123 464.238
0.476825 -0.757188 0.446436 56.7525 0.800471 0.583888 0.135356 -40.962 -0.363159 0.292818 0.884519 466.117
0.476899 -0.756648 0.44727 57.7493 0.801207 0.58347 0.132775 -40.6276 -0.361433 0.295035 0.884489 467.965
0.475686 -0.756065 0.449542 58.7199 0.800785 0.583693 0.134333 -40.3627 -0.363959 0.296087 0.8831 469.875
0.475103 -0.755871 0.450484 59.7009 0.799673 0.584509 0.137378 -40.1069 -0.367152 0.294971 0.882152 471.779
0.474577 -0.755966 0.450878 60.739 0.799132 0.584783 0.139342 -39.8043 -0.369004 0.294183 0.881642 473.711
0.475373 -0.756478 0.449178 61.7665 0.798967 0.584952 0.139581 -39.4938 -0.368338 0.292526 0.882471 475.603
0.476498 -0.755574 0.449508 62.7921 0.797206 0.586903 0.141448 -39.2046 -0.370692 0.290951 0.882006 477.473
0.477816 -0.755429 0.448352 63.8594 0.797955 0.586681 0.138106 -38.872 -0.367369 0.291775 0.883124 479.342
0.476355 -0.754497 0.451464 64.8849 0.798397 0.586257 0.13735 -38.5872 -0.368304 0.29502 0.881655 481.234
0.492865 -0.748662 0.443383 66.2626 0.802383 0.588166 0.101202 -37.6667 -0.336549 0.305885 0.890601 483.356
0.49382 -0.748805 0.442078 67.2816 0.801855 0.58881 0.101638 -37.4471 -0.336407 0.304291 0.8912 485.297
0.494657 -0.748595 0.441498 68.2847 0.80182 0.589064 0.100439 -37.2011 -0.335259 0.304319 0.891623 487.248
0.494951 -0.749019 0.440448 69.2902 0.801185 0.589601 0.10234 -37.0149 -0.336343 0.302227 0.891926 489.196
0.495849 -0.748538 0.440255 70.2572 0.799031 0.591819 0.106303 -36.8626 -0.340123 0.299067 0.891558 491.126
0.495931 -0.749778 0.438047 71.2932 0.799674 0.590971 0.106184 -36.6251 -0.338487 0.297635 0.892659 493.028
0.498211 -0.749075 0.43666 72.3389 0.798941 0.592269 0.104458 -36.3426 -0.336867 0.296824 0.893541 495.014
0.496892 -0.748507 0.439131 73.264 0.797714 0.593199 0.108478 -36.1849 -0.341688 0.296399 0.89185 496.958
0.49688 -0.748937 0.43841 74.2513 0.798653 0.592273 0.106615 -35.9092 -0.339507 0.297163 0.892429 498.93
0.497476 -0.745387 0.443753 75.1548 0.796317 0.595301 0.107224 -35.7042 -0.34409 0.300027 0.889711 500.892
0.498005 -0.743372 0.446529 76.1335 0.794919 0.597114 0.107505 -35.4885 -0.346546 0.301417 0.888287 502.843
0.501248 -0.738407 0.451115 77.0291 0.790431 0.602861 0.10852 -35.268 -0.352092 0.30218 0.885843 504.711
0.502594 -0.737517 0.451074 78.0309 0.788756 0.604785 0.109992 -35.0409 -0.353924 0.300506 0.885683 506.677
0.538813 -0.736909 0.408222 79.8709 0.785167 0.61489 0.0736372 -34.0438 -0.305276 0.280846 0.909908 508.091
0.540156 -0.734224 0.411275 80.7657 0.783252 0.617353 0.0734236 -33.9188 -0.307811 0.282472 0.908549 510.107
0.540085 -0.732044 0.415235 81.6186 0.781604 0.619239 0.0750832 -33.8507 -0.312094 0.283998 0.90661 512.103
0.543829 -0.725684 0.421466 82.4826 0.776826 0.625315 0.0743128 -33.7218 -0.317476 0.286992 0.903794 514.123
0.539599 -0.731396 0.417004 83.4345 0.778812 0.621772 0.0827718 -33.6896 -0.319821 0.280104 0.905128 516.038
0.539098 -0.730386 0.419416 84.2784 0.777272 0.623226 0.0862383 -33.5927 -0.324378 0.27951 0.903689 517.925
0.542858 -0.730441 0.414441 85.3319 0.776533 0.624514 0.0835411 -33.3967 -0.319846 0.276476 0.906234 519.886
0.540623 -0.73245 0.413816 86.2138 0.777289 0.623054 0.0873228 -33.3141 -0.32179 0.274446 0.906163 521.784
0.54141 -0.72899 0.418867 87.0581 0.774734 0.626097 0.088259 -33.1829 -0.326591 0.276726 0.903748 523.791
0.541737 -0.726194 0.423277 87.8944 0.772049 0.629009 0.0910406 -33.0633 -0.332358 0.27747 0.901415 525.695
0.542374 -0.726072 0.42267 88.8755 0.771599 0.629525 0.0912888 -32.8888 -0.332364 0.276619 0.901674 527.658
0.544024 -0.725527 0.421484 89.8236 0.769768 0.631454 0.0933974 -32.7348 -0.33391 0.273634 0.902013 529.621
0.543568 -0.725737 0.421712 90.7528 0.769372 0.631647 0.0953332 -32.5958 -0.33556 0.272633 0.901704 531.575
0.544495 -0.723145 0.424955 91.6514 0.7675 0.633919 0.0953405 -32.4511 -0.338332 0.27424 0.90018 533.496
0.544476 -0.725744 0.420526 92.6692 0.76874 0.632324 0.095939 -32.3003 -0.335536 0.271038 0.902194 535.371
0.549156 -0.723444 0.418397 93.7381 0.768496 0.633866 0.0873403 -31.9886 -0.328393 0.273573 0.904055 537.313
0.550296 -0.722315 0.418849 94.6472 0.767803 0.634875 0.0860952 -31.805 -0.328104 0.274215 0.903965 539.186
0.550667 -0.7239 0.415613 95.611 0.768975 0.633631 0.0847821 -31.6228 -0.324719 0.272909 0.905581 541.137
0.549344 -0.723836 0.417472 96.4077 0.76732 0.634786 0.0909233 -31.6163 -0.330819 0.270387 0.904129 542.94
0.551862 -0.721288 0.41856 97.2753 0.764799 0.63784 0.0907935 -31.4876 -0.332462 0.270008 0.903639 544.842
0.549822 -0.722201 0.419669 98.1849 0.766321 0.636042 0.0905708 -31.3465 -0.332337 0.271803 0.903147 546.856
0.551406 -0.720602 0.420337 99.0795 0.764627 0.638047 0.090779 -31.2116 -0.33361 0.271345 0.902816 548.758
0.552186 -0.72145 0.417851 100.026 0.764807 0.637854 0.0906164 -31.0562 -0.331904 0.269539 0.903985 550.62
0.553434 -0.720952 0.417059 100.984 0.764947 0.638065 0.0879174 -30.8759 -0.329495 0.270372 0.904617 552.565
0.552945 -0.720091 0.419191 101.91 0.766193 0.637125 0.0837921 -30.6778 -0.327415 0.274849 0.904023 554.567
0.553425 -0.720238 0.418304 102.876 0.767491 0.636075 0.0797894 -30.4862 -0.32354 0.276887 0.904796 556.505
0.555902 -0.723101 0.409997 103.912 0.769625 0.634097 0.0748295 -30.2558 -0.314087 0.273946 0.909012 558.43
0.55739 -0.723626 0.40704 104.837 0.770676 0.633311 0.0705417 -30.0647 -0.308829 0.274377 0.910682 560.394
0.558332 -0.722837 0.407151 105.682 0.770142 0.634066 0.0695844 -29.9848 -0.308458 0.274713 0.910706 562.32
0.5593 -0.721949 0.407398 106.55 0.769634 0.634816 0.0683568 -29.8662 -0.307973 0.275315 0.910689 564.259
0.562875 -0.718847 0.407959 107.444 0.767403 0.63785 0.0651173 -29.7172 -0.307026 0.276416 0.910675 566.221
0.569883 -0.710255 0.413244 108.279 0.763072 0.644007 0.0545614 -29.3962 -0.304885 0.284241 0.908984 568.195
0.571048 -0.708191 0.415174 109.152 0.761185 0.646176 0.0552596 -29.3309 -0.30741 0.284469 0.908062 570.07
0.569937 -0.70947 0.414518 110.059 0.762495 0.644654 0.0549764 -29.2198 -0.306225 0.284735 0.908379 571.951
0.57208 -0.708356 0.413468 111.01 0.76167 0.645828 0.0525789 -29.0928 -0.304274 0.284847 0.908999 573.779
0.574555 -0.709056 0.40881 112.042 0.763664 0.644119 0.0439054 -28.8349 -0.294454 0.286968 0.911563 575.681
0.574269 -0.708868 0.409538 112.953 0.765214 0.642579 0.0392287 -28.679 -0.290968 0.290856 0.911449 577.664
0.574658 -0.708477 0.409669 113.871 0.764423 0.643443 0.0404793 -28.6498 -0.292277 0.289899 0.911336 579.632
0.574449 -0.707403 0.411812 114.724 0.763855 0.644092 0.0408861 -28.5981 -0.294168 0.291077 0.910351 581.592
0.574609 -0.708722 0.409314 115.665 0.764803 0.643037 0.0397542 -28.5085 -0.291378 0.290201 0.911527 583.525
0.575406 -0.709067 0.407593 116.599 0.765011 0.642871 0.0383884 -28.4274 -0.28925 0.289725 0.912356 585.466
0.576806 -0.707139 0.40896 117.453 0.764142 0.64405 0.0358748 -28.3402 -0.288759 0.291811 0.911847 587.397
0.575723 -0.706723 0.4112 118.302 0.764579 0.643548 0.035567 -28.3004 -0.289763 0.293918 0.910851 589.362
0.576749 -0.705975 0.411048 119.222 0.764997 0.643267 0.03143 -28.1801 -0.286602 0.296323 0.911072 591.339
0.577948 -0.705588 0.410027 120.124 0.764552 0.64385 0.0302941 -28.1204 -0.285371 0.295978 0.91157 593.275
0.579404 -0.704577 0.40971 121.051 0.763933 0.644675 0.028306 -28.0507 -0.284074 0.296591 0.911776 595.179
0.57937 -0.704453 0.409971 121.947 0.764294 0.644303 0.0270071 -28.0134 -0.283171 0.297691 0.911699 597.11
0.580687 -0.702958 0.410674 122.839 0.763337 0.645495 0.0255577 -27.9173 -0.283054 0.298642 0.911424 598.983
0.579998 -0.70432 0.40931 123.76 0.764457 0.644181 0.0252272 -27.8712 -0.281438 0.298268 0.912047 600.895
0.579877 -0.705529 0.407396 124.697 0.765425 0.64307 0.0241835 -27.8201 -0.279046 0.297808 0.912931 602.853
0.579151 -0.706716 0.40637 125.583 0.766805 0.641476 0.0227504 -27.7695 -0.276754 0.29843 0.913426 604.8
0.579654 -0.707578 0.404147 126.522 0.767082 0.64116 0.0223387 -27.7441 -0.274929 0.297065 0.914421 606.769
0.578923 -0.70732 0.405644 127.376 0.767712 0.640447 0.0210897 -27.7428 -0.274711 0.299208 0.913788 608.694
0.578735 -0.705815 0.408524 128.214 0.767341 0.640919 0.0202763 -27.7521 -0.276142 0.301743 0.912522 610.633
