1 0 0 0 0 1 0 0 0 0 1 0
0.999992 -0.000914408 -0.00396756 0.00326027 0.000871451 0.999941 -0.0108152 0.00709322 0.00397722 0.0108117 0.999934 0.788445
0.999967 -0.000427349 -0.00809914 0.00878222 0.000421898 1 -0.000674815 0.00992368 0.00809942 0.000671376 0.999967 1.57294
0.999927 0.00181075 -0.0119684 -0.00263887 -0.00166886 0.999928 0.0118549 -0.000402995 0.011989 -0.011834 0.999858 2.39954
0.999897 0.00268804 -0.0140783 -0.0273823 -0.00248177 0.99989 0.0146481 0.0124616 0.0141161 -0.0146117 0.999794 3.21691
0.999882 0.00227762 -0.0152145 -0.0322521 -0.00209641 0.999927 0.0119158 0.00514331 0.0152405 -0.0118825 0.999813 4.0297
0.999877 0.00384777 -0.0152064 -0.0417967 -0.00370107 0.999946 0.00966365 -0.00431415 0.0152428 -0.00960618 0.999838 4.83321
0.999886 0.00460337 -0.0143994 -0.0626984 -0.00447226 0.999948 0.00912402 -0.0106409 0.0144407 -0.00905858 0.999855 5.66952
0.99988 0.00461012 -0.0147654 -0.07094 -0.00447148 0.999946 0.00940833 -0.00556531 0.014808 -0.00934118 0.999847 6.47604
0.999884 0.00435137 -0.0145702 -0.0901044 -0.00421693 0.999948 0.00924472 -0.000113288 0.0146096 -0.00918221 0.999851 7.32203
0.999883 0.00241536 -0.0150924 -0.109901 -0.00227247 0.999953 0.00947782 -0.0195282 0.0151146 -0.00944242 0.999841 8.17366
0.999903 0.00171918 -0.0138142 -0.174798 -0.00160177 0.999963 0.00850563 -0.0175619 0.0138283 -0.00848268 0.999868 8.97001
0.999919 0.00252769 -0.0124674 -0.229792 -0.00243558 0.99997 0.0073976 -0.00707142 0.0124857 -0.00736664 0.999895 9.85373
0.999918 0.00307365 -0.0124618 -0.253794 -0.00298115 0.999968 0.00743458 -0.00322441 0.0124843 -0.00739682 0.999895 10.7454
0.999927 0.00490229 -0.0110588 -0.302485 -0.00482351 0.999963 0.00713942 0.0117939 0.0110934 -0.00708555 0.999913 11.6421
0.999927 0.0059936 -0.010518 -0.328192 -0.00590902 0.99995 0.00805437 -0.00355 0.0105657 -0.00799162 0.999912 12.5325
0.999877 0.00997719 -0.012129 -0.299318 -0.00992934 0.999943 0.00399901 0.0228929 0.0121682 -0.00387809 0.999918 13.4456
0.999869 0.0114367 -0.0114824 -0.320709 -0.0114225 0.999934 0.00129718 0.037537 0.0114965 -0.00116585 0.999933 14.373
0.999876 0.0105269 -0.0116761 -0.337007 -0.0105294 0.999945 -0.000157709 0.0336167 0.0116738 0.000280632 0.999932 15.3036
0.99986 0.0127693 -0.0108522 -0.361679 -0.0127719 0.999918 -0.00017233 0.0244545 0.0108491 0.00031091 0.999941 16.2443
0.999868 0.0120403 -0.0109546 -0.392448 -0.0120526 0.999927 -0.00105504 0.0212903 0.0109411 0.00118693 0.999939 17.1948
0.999856 0.012234 -0.011726 -0.419331 -0.0122437 0.999925 -0.000755508 0.00783922 0.0117159 0.00089897 0.999931 18.1533
0.999845 0.011786 -0.0131164 -0.42819 -0.0117978 0.99993 -0.000824287 -0.00503672 0.0131057 0.000978903 0.999914 19.1044
0.999823 0.00992996 -0.0159922 -0.420426 -0.00999297 0.999943 -0.00386467 0.00308326 0.0159529 0.00402379 0.999865 20.1059
0.99976 0.0103967 -0.0192595 -0.418007 -0.010417 0.999945 -0.000957337 -0.0381571 0.0192485 0.00115773 0.999814 21.0904
0.999721 0.0114079 -0.0206665 -0.450577 -0.0114205 0.999935 -0.0004893 -0.0427394 0.0206596 0.000725184 0.999786 22.0906
0.99964 0.014231 -0.022761 -0.485738 -0.0142294 0.999899 0.000233611 -0.0387936 0.022762 9.03474e-05 0.999741 23.1045
0.999578 0.0128185 -0.0260846 -0.526531 -0.0127879 0.999917 0.00134111 -0.065618 0.0260997 -0.00100697 0.999659 24.1454
0.999438 0.0140426 -0.0304537 -0.557652 -0.0141031 0.999899 -0.0017746 -0.0433 0.0304257 0.0022031 0.999535 25.1907
0.999212 0.0178182 -0.0354771 -0.59944 -0.0180559 0.999817 -0.00639298 -0.050116 0.0353567 0.00702851 0.99935 26.2375
0.998932 0.0186638 -0.042276 -0.645651 -0.0190299 0.999785 -0.00827428 -0.0654288 0.0421125 0.00906995 0.999072 27.2936
0.998768 0.0174813 -0.0464399 -0.714418 -0.0178767 0.999807 -0.00811159 -0.0572545 0.0462892 0.00893179 0.998888 28.3893
0.998503 0.0178858 -0.0516858 -0.772782 -0.0181024 0.999829 -0.00372456 -0.0895535 0.0516104 0.00465462 0.998656 29.5186
0.998101 0.0187667 -0.0586695 -0.802296 -0.0188367 0.999822 -0.000640027 -0.122923 0.058647 0.00174395 0.998277 30.6405
0.997861 0.0224976 -0.061383 -0.882665 -0.0225973 0.999744 -0.000931182 -0.127564 0.0613464 0.00231628 0.998114 31.7435
0.997912 0.0241169 -0.0599167 -1.00439 -0.0244299 0.999691 -0.00449638 -0.0803572 0.0597898 0.00595075 0.998193 32.86
0.997695 0.0269674 -0.0622626 -1.04644 -0.0270291 0.999635 -0.000148524 -0.13398 0.0622359 0.00183108 0.99806 33.9848
0.997703 0.0292826 -0.0610817 -1.1426 -0.029334 0.99957 5.51925e-05 -0.146165 0.061057 0.00173671 0.998133 35.1179
0.997708 0.0295871 -0.0608546 -1.21175 -0.0296694 0.99956 -0.000448917 -0.161914 0.0608146 0.00225341 0.998147 36.2474
0.997776 0.0297764 -0.0596395 -1.28489 -0.0299794 0.999547 -0.00251129 -0.16779 0.0595377 0.00429366 0.998217 37.3595
0.998003 0.0291491 -0.0560452 -1.38096 -0.0293268 0.999567 -0.00235081 -0.195647 0.0559525 0.00398975 0.998425 38.4702
0.998068 0.0276178 -0.0556629 -1.43658 -0.0278359 0.999608 -0.00314601 -0.205264 0.0555542 0.00468936 0.998445 39.5951
0.998049 0.0268748 -0.0563599 -1.47057 -0.0269877 0.999635 -0.00124228 -0.247308 0.0563059 0.00276088 0.99841 40.7217
0.998147 0.0252688 -0.0553611 -1.53783 -0.0254445 0.999673 -0.00247037 -0.242897 0.0552806 0.00387442 0.998463 41.8357
0.998247 0.0249085 -0.0536965 -1.60346 -0.0251136 0.99968 -0.00314782 -0.259438 0.0536009 0.00449081 0.998552 42.9367
0.998267 0.0242316 -0.0536257 -1.65148 -0.0242232 0.999706 0.000806555 -0.317464 0.0536295 0.000493829 0.998561 44.0596
0.998325 0.0233597 -0.0529226 -1.71826 -0.023341 0.999727 0.000970684 -0.33342 0.0529308 0.000266209 0.998598 45.1727
0.998319 0.0238643 -0.0528099 -1.77803 -0.0238334 0.999715 0.00121438 -0.358454 0.0528238 4.63029e-05 0.998604 46.2753
0.998334 0.0249146 -0.0520487 -1.85244 -0.024882 0.99969 0.00127421 -0.382594 0.0520643 2.2988e-05 0.998644 47.3885
0.998365 0.025537 -0.0511346 -1.93591 -0.0254618 0.999674 0.00212218 -0.403854 0.0511721 -0.000816729 0.99869 48.462
0.998286 0.0258123 -0.052533 -1.96007 -0.0256796 0.999665 0.00319829 -0.428743 0.052598 -0.00184378 0.998614 49.5563
0.99845 0.0259417 -0.0492466 -2.07316 -0.0258065 0.999661 0.00337924 -0.45497 0.0493176 -0.00210312 0.998781 50.6622
0.998498 0.0262626 -0.0480814 -2.13584 -0.0261561 0.999654 0.00284304 -0.478867 0.0481394 -0.00158115 0.998839 51.7333
0.998476 0.0260433 -0.0486656 -2.18763 -0.0258965 0.999658 0.00364446 -0.498961 0.0487438 -0.00237864 0.998808 52.8087
0.998473 0.0255948 -0.0489515 -2.26696 -0.0254749 0.999671 0.00307161 -0.491215 0.049014 -0.00181989 0.998796 53.908
0.998343 0.0263021 -0.0511735 -2.34925 -0.0260971 0.999649 0.00466997 -0.525237 0.0512784 -0.00332675 0.998679 55.0091
0.998191 0.0220789 -0.0559157 -2.41864 -0.0219999 0.999756 0.00202835 -0.527598 0.0559468 -0.000794545 0.998433 56.0961
0.997921 0.0189369 -0.0615984 -2.49542 -0.0188622 0.99982 0.00179377 -0.560453 0.0616213 -0.000628166 0.998099 57.1591
0.997476 0.0171265 -0.0689127 -2.57606 -0.0171858 0.999852 -0.000268178 -0.564517 0.068898 0.00145182 0.997623 58.2425
0.997106 0.0191287 -0.0735838 -2.69997 -0.0192436 0.999814 -0.000851785 -0.549801 0.0735539 0.00226534 0.997289 59.3347
0.996556 0.0213032 -0.0801364 -2.78473 -0.0212184 0.999773 0.00190955 -0.570388 0.0801589 -0.000202609 0.996782 60.3935
0.996157 0.025499 -0.0837876 -2.89518 -0.0254355 0.999675 0.00182589 -0.579283 0.0838069 0.000312306 0.996482 61.4609
0.995925 0.0285905 -0.0855383 -3.00584 -0.0286536 0.999589 0.000489841 -0.591131 0.0855172 0.00196314 0.996335 62.5099
0.995698 0.0302636 -0.0875776 -3.09853 -0.0306639 0.999525 -0.00322881 -0.599983 0.0874382 0.00590038 0.996152 63.5587
0.995751 0.0312566 -0.0866209 -3.20934 -0.0317023 0.99949 -0.00377427 -0.634928 0.0864587 0.00650432 0.996234 64.6036
0.995792 0.0322474 -0.0857794 -3.31321 -0.0326558 0.999461 -0.00336189 -0.656808 0.0856247 0.00614894 0.996308 65.6386
0.996123 0.0292861 -0.082952 -3.4008 -0.0294882 0.999564 -0.00121232 -0.687653 0.0828804 0.00365372 0.996553 66.6697
0.996737 0.0281938 -0.075632 -3.54384 -0.0282798 0.9996 -6.51905e-05 -0.709139 0.0755999 0.00220383 0.997136 67.7477
0.997019 0.0314988 -0.0704293 -3.62237 -0.031525 0.999503 0.00073994 -0.757754 0.0704176 0.00148255 0.997516 68.8051
0.997647 0.0316033 -0.060847 -3.74581 -0.0317273 0.999496 -0.0010721 -0.747319 0.0607825 0.00300009 0.998147 69.8537
0.998189 0.0311524 -0.0514652 -3.83465 -0.0311653 0.999514 0.000553086 -0.810206 0.0514574 0.00105184 0.998675 70.8502
0.998596 0.0338449 -0.0407492 -3.89284 -0.0338769 0.999426 -9.3554e-05 -0.818596 0.0407226 0.00147388 0.999169 71.8767
0.998878 0.0356035 -0.03122 -3.8945 -0.0356539 0.999364 -0.00106029 -0.818412 0.0311624 0.00217222 0.999512 72.9366
0.999082 0.0374455 -0.0207916 -3.90788 -0.0374703 0.999297 -0.00080428 -0.839754 0.0207469 0.00158261 0.999784 73.9635
0.999194 0.0386088 -0.0109513 -3.91077 -0.0386353 0.999251 -0.00221205 -0.845053 0.0108577 0.00263338 0.999938 75.0123
0.999184 0.0403863 -0.000126791 -3.93209 -0.0403864 0.999182 -0.00182421 -0.902912 5.30145e-05 0.00182784 0.999998 76.0289
0.999203 0.0387213 0.00966041 -3.94909 -0.0387023 0.999248 -0.0021432 -0.946903 -0.00973614 0.00176761 0.999951 77.0672
0.999183 0.038109 0.0134782 -3.87958 -0.0380593 0.999268 -0.00391826 -0.981283 -0.0136177 0.00340208 0.999901 78.1419
0.999245 0.0340457 0.0187218 -3.88246 -0.0339381 0.999406 -0.00603112 -0.968373 -0.018916 0.00539118 0.999807 79.2216
0.999219 0.0330232 0.0217141 -3.87686 -0.0329085 0.999443 -0.00561933 -0.978541 -0.0218876 0.00490036 0.999748 80.2881
0.99927 0.0312785 0.0219508 -3.84961 -0.0311116 0.999485 -0.00790405 -0.960971 -0.0221867 0.00721535 0.999728 81.3453
0.999276 0.0318091 0.020877 -3.82453 -0.0316749 0.999476 -0.00672983 -0.983742 -0.0210801 0.00606368 0.999759 82.4125
0.99922 0.0319854 0.0231461 -3.87473 -0.0318051 0.999461 -0.00811746 -0.99503 -0.0233933 0.00737497 0.999699 83.5067
0.999313 0.0311871 0.0200076 -3.84756 -0.0309659 0.999457 -0.0112702 -0.99574 -0.0203482 0.0106429 0.999736 84.5814
0.999351 0.0322076 0.0161219 -3.82273 -0.0320134 0.999413 -0.0121649 -1.02048 -0.0165042 0.0116409 0.999796 85.6335
0.999353 0.0339717 0.0117948 -3.81293 -0.0338172 0.999343 -0.0130588 -1.03494 -0.0122307 0.0126514 0.999845 86.716
0.99949 0.0310719 0.0073089 -3.81423 -0.0309739 0.999434 -0.0131607 -1.056 -0.00771369 0.0129277 0.999887 87.8271
0.999528 0.03056 0.00321924 -3.82449 -0.0305136 0.999442 -0.0135872 -1.06978 -0.00363266 0.0134826 0.999903 88.9208
0.999537 0.0303632 -0.00206894 -3.81157 -0.0303903 0.999431 -0.0146115 -1.07451 0.00162411 0.0146676 0.999891 90.0164
0.999494 0.0313193 -0.00560307 -3.83211 -0.031398 0.999401 -0.0145597 -1.10017 0.00514372 0.0147283 0.999878 91.1153
0.999338 0.035728 -0.00692446 -3.8818 -0.0358193 0.999266 -0.0135464 -1.12651 0.0064354 0.0137854 0.999884 92.2199
0.999235 0.0381071 -0.00876234 -3.9177 -0.0382186 0.999186 -0.012928 -1.15011 0.00826256 0.013253 0.999878 93.3267
0.999086 0.0412379 -0.0112463 -3.9349 -0.0413649 0.99908 -0.0112988 -1.19101 0.01077 0.0117537 0.999873 94.4352
0.999011 0.0425377 -0.012926 -3.96228 -0.0426931 0.999016 -0.0119932 -1.22219 0.0124031 0.0125332 0.999845 95.5299
0.998904 0.0444004 -0.0148236 -3.97108 -0.0445717 0.998941 -0.0114366 -1.26023 0.0143001 0.0120847 0.999825 96.6449
0.998911 0.0434793 -0.0169378 -3.98363 -0.04371 0.998953 -0.0134984 -1.26185 0.0163332 0.014224 0.999765 97.7413
0.998888 0.0441646 -0.0165065 -4.02379 -0.044374 0.998936 -0.0125469 -1.30127 0.0159349 0.0132654 0.999785 98.8311
0.998843 0.0450062 -0.0169691 -4.05296 -0.0451989 0.998916 -0.0111431 -1.34193 0.0164492 0.0118971 0.999794 99.9266
0.998902 0.0435808 -0.0171702 -4.09727 -0.0437544 0.998994 -0.00986783 -1.38943 0.0167228 0.0106083 0.999804 100.999
0.99883 0.0448692 -0.0180305 -4.12386 -0.0450262 0.998951 -0.00839566 -1.42467 0.0176349 0.00919768 0.999802 102.076
0.998737 0.0459998 -0.0202279 -4.1294 -0.0461281 0.998918 -0.00592357 -1.46867 0.0199335 0.00684916 0.999778 103.142
0.998629 0.0476918 -0.0215957 -4.13206 -0.0478354 0.998836 -0.00618556 -1.50555 0.0212756 0.00721012 0.999748 104.186
0.998558 0.0492644 -0.021316 -4.17596 -0.0494308 0.99875 -0.00735499 -1.55176 0.020927 0.00839805 0.999746 105.271
0.998583 0.0494128 -0.0197616 -4.22581 -0.0495811 0.998737 -0.00811991 -1.57626 0.0193355 0.0090882 0.999772 106.358
0.998726 0.0457433 -0.0213016 -4.21896 -0.0459887 0.998879 -0.0111753 -1.5565 0.0207666 0.0121407 0.999711 107.435
0.998582 0.0486572 -0.0215997 -4.24713 -0.048881 0.998755 -0.00995725 -1.58995 0.0210883 0.0109989 0.999717 108.489
0.998588 0.0490451 -0.0204054 -4.31009 -0.0492099 0.998759 -0.00765293 -1.6368 0.0200047 0.00864627 0.999762 109.548
0.998675 0.0470804 -0.0207589 -4.31803 -0.0472232 0.998864 -0.00644341 -1.67108 0.0204319 0.00741517 0.999764 110.6
0.998696 0.0464598 -0.0211721 -4.33829 -0.046594 0.998897 -0.00588727 -1.6922 0.0208752 0.00686609 0.999759 111.654
0.998648 0.0471585 -0.021868 -4.35183 -0.0473009 0.998862 -0.00604036 -1.7107 0.0215582 0.00706657 0.999743 112.706
0.998657 0.0465221 -0.022803 -4.37111 -0.0466795 0.998889 -0.00642164 -1.73342 0.0224789 0.00747744 0.999719 113.719
0.998643 0.0459587 -0.0245063 -4.39547 -0.0461441 0.99891 -0.00705438 -1.75443 0.0241553 0.00817562 0.999675 114.731
0.998631 0.0465594 -0.0238449 -4.46111 -0.0467325 0.998885 -0.00675407 -1.78142 0.0235038 0.00785916 0.999693 115.721
0.998519 0.0494426 -0.0226867 -4.54281 -0.0496049 0.998747 -0.00664792 -1.80312 0.0223296 0.00776345 0.999721 116.688
0.998442 0.0501256 -0.0245183 -4.56824 -0.050347 0.998696 -0.00850093 -1.80817 0.0240602 0.00972211 0.999663 117.652
0.998411 0.0485075 -0.0286641 -4.55738 -0.0487272 0.998787 -0.00701559 -1.84678 0.0282891 0.00840117 0.999564 118.628
0.998251 0.0504049 -0.0308897 -4.59183 -0.0506639 0.998686 -0.00765936 -1.85947 0.0304631 0.00921096 0.999493 119.568
0.998154 0.0512072 -0.032641 -4.62926 -0.0515153 0.998635 -0.00866687 -1.87207 0.0321526 0.0103324 0.99943 120.501
0.998011 0.0522418 -0.0352955 -4.65731 -0.0525803 0.998579 -0.00873165 -1.89618 0.0347892 0.0105701 0.999339 121.395
0.997776 0.0533454 -0.0399655 -4.68007 -0.0537197 0.998521 -0.00834933 -1.92949 0.039461 0.0104777 0.999166 122.27
0.997587 0.0558047 -0.0413088 -4.72901 -0.0561673 0.998392 -0.00766951 -1.95692 0.0408144 0.00997121 0.999117 123.139
0.99742 0.0573879 -0.0431353 -4.75595 -0.0577971 0.998294 -0.00829835 -1.98167 0.0425855 0.01077 0.999035 123.991
0.997243 0.0582328 -0.0460027 -4.77198 -0.0586961 0.998237 -0.00878386 -2.02237 0.0454101 0.0114598 0.998903 124.793
0.997462 0.0563118 -0.0435699 -4.90102 -0.0569149 0.998298 -0.0127278 -1.98906 0.042779 0.0151753 0.998969 125.706
0.997205 0.0597598 -0.0448364 -4.92334 -0.0603017 0.998121 -0.01083 -2.03376 0.0441049 0.0135034 0.998936 126.487
0.997104 0.0611424 -0.0452175 -4.9526 -0.0615951 0.998063 -0.00868492 -2.06835 0.0445989 0.0114449 0.998939 127.29
0.997103 0.0633611 -0.0420731 -5.03785 -0.0637564 0.997932 -0.00811951 -2.07116 0.0414717 0.0107784 0.999082 128.113
0.996964 0.0669169 -0.0398173 -5.08312 -0.067228 0.997716 -0.00652402 -2.09359 0.0392898 0.00918105 0.999186 128.878
0.997096 0.0674639 -0.0353158 -5.15046 -0.067684 0.997694 -0.00507275 -2.09738 0.0348921 0.00744834 0.999363 129.63
0.997047 0.0688244 -0.0340616 -5.12384 -0.0689489 0.997617 -0.00249371 -2.13164 0.0338088 0.00483486 0.999417 130.282
0.996945 0.0725585 -0.0289111 -5.15999 -0.0726728 0.997352 -0.00291833 -2.11052 0.0286228 0.00501047 0.999578 130.943
0.997057 0.0737051 -0.0211026 -5.24046 -0.0737968 0.997267 -0.00359977 -2.14255 0.0207796 0.00514648 0.999771 131.557
0.996645 0.0784534 -0.0233048 -5.01824 -0.078513 0.996912 -0.00165348 -2.20324 0.0231031 0.00347766 0.999727 132.204
0.996954 0.0768237 -0.0134546 -5.07171 -0.0768736 0.997036 -0.0032284 -2.22008 0.0131667 0.00425287 0.999904 132.786
0.996948 0.0777346 -0.00724053 -5.01796 -0.0777717 0.996959 -0.00500155 -2.24074 0.00682972 0.00554939 0.999961 133.332
0.996836 0.0794561 0.00194418 -5.00478 -0.079439 0.99681 -0.0076991 -2.23347 -0.00254972 0.0075203 0.999968 133.843
0.996904 0.0761207 0.0196827 -5.21359 -0.0760234 0.99709 -0.00564351 -2.2838 -0.0200551 0.00412969 0.99979 134.215
0.996376 0.0787871 0.0320525 -5.23579 -0.0785811 0.996878 -0.00763692 -2.25948 -0.0325542 0.00509052 0.999457 134.655
0.995963 0.0780014 0.0444343 -5.22569 -0.0777123 0.996942 -0.00819945 -2.29709 -0.044938 0.00471326 0.998979 135.082
0.995209 0.0798628 0.0563949 -5.19731 -0.0794279 0.996791 -0.00991586 -2.31489 -0.0570058 0.00538903 0.998359 135.464
0.994303 0.0784905 0.0721176 -5.17684 -0.0779852 0.996906 -0.00979982 -2.31842 -0.0726637 0.00411989 0.997348 135.842
0.992923 0.0769097 0.0904909 -5.16183 -0.0764857 0.997037 -0.0081489 -2.35129 -0.0908495 0.00116998 0.995864 136.207
0.991163 0.0772891 0.107808 -5.04795 -0.0768561 0.997009 -0.00817181 -2.39041 -0.108117 -0.00018609 0.994138 136.628
0.988236 0.0797027 0.130524 -4.97425 -0.0788829 0.996818 -0.0114477 -2.41486 -0.131021 0.0010169 0.991379 136.999
0.983374 0.0873343 0.159211 -4.96803 -0.085937 0.996178 -0.015654 -2.42249 -0.159969 0.00171161 0.987121 137.333
0.977803 0.0935305 0.187494 -4.91535 -0.0908178 0.995601 -0.0230258 -2.45038 -0.188823 0.00548687 0.981996 137.669
0.971979 0.09619 0.214488 -4.7961 -0.0904288 0.995233 -0.0365363 -2.4936 -0.21698 0.0161166 0.976043 137.999
0.965951 0.0950594 0.240628 -4.60888 -0.0849776 0.995027 -0.0519577 -2.55475 -0.244371 0.0297407 0.969226 138.294
0.956383 0.0944225 0.276435 -4.56752 -0.0778797 0.994485 -0.0702476 -2.55745 -0.281543 0.045655 0.958462 138.547
0.945661 0.0948839 0.311001 -4.45082 -0.072787 0.993977 -0.0819307 -2.56097 -0.316901 0.0548419 0.946872 138.83
0.932942 0.0973961 0.346603 -4.27412 -0.0716117 0.993677 -0.0864699 -2.59036 -0.352834 0.0558505 0.934018 139.158
0.916489 0.103823 0.386354 -4.12812 -0.0744583 0.993132 -0.0902523 -2.61009 -0.393071 0.053948 0.917924 139.446
0.896571 0.108092 0.429507 -4.03071 -0.0732538 0.992596 -0.0968885 -2.60693 -0.4368 0.0554044 0.897851 139.709
0.876593 0.101604 0.470383 -3.84435 -0.0630015 0.993274 -0.0971421 -2.63833 -0.47709 0.0555192 0.877099 139.966
0.85334 0.090952 0.513359 -3.62864 -0.0517034 0.994575 -0.0902642 -2.69344 -0.518784 0.0504837 0.853414 140.206
0.825274 0.0848912 0.558316 -3.41726 -0.0448071 0.995363 -0.0851122 -2.72141 -0.562953 0.0452243 0.825251 140.451
0.790769 0.0837796 0.606354 -3.22703 -0.0429978 0.995745 -0.0815065 -2.75879 -0.610603 0.0383808 0.791006 140.671
0.750765 0.0851091 0.655063 -2.98444 -0.0431184 0.995864 -0.0799699 -2.80326 -0.65916 0.0317934 0.75133 140.884
0.704955 0.0814223 0.704562 -2.70676 -0.0401366 0.996376 -0.0749866 -2.85094 -0.708115 0.0245835 0.705669 141.086
0.652968 0.0735166 0.753809 -2.43687 -0.0348934 0.997141 -0.0670225 -2.87712 -0.756581 0.0174606 0.653667 141.257
0.597049 0.0626639 0.799753 -2.14667 -0.0263307 0.997938 -0.0585355 -2.89236 -0.801772 0.0138905 0.597468 141.401
0.53984 0.0485284 0.840368 -1.78112 -0.0183632 0.998778 -0.0458799 -2.97958 -0.841568 0.00933594 0.540071 141.561
0.47597 0.0449353 0.878313 -1.46872 -0.0144122 0.998958 -0.0432974 -3.00265 -0.879344 0.00794982 0.476122 141.673
0.409502 0.0420984 0.911338 -1.15188 -0.0109154 0.999089 -0.0412472 -3.00838 -0.912244 0.00694316 0.409588 141.75
0.3406 0.0390253 0.939398 -0.815229 -0.0070063 0.999216 -0.03897 -3.00254 -0.940182 0.00669145 0.340606 141.822
0.271539 0.0346893 0.961802 -0.465072 -0.00264688 0.999373 -0.0352971 -3.01379 -0.962424 0.00703877 0.271461 141.86
0.202852 0.0336165 0.978632 -0.118526 -0.00252949 0.999425 -0.0338065 -3.02587 -0.979206 0.00438227 0.20282 141.893
0.138787 0.0341988 0.989732 0.239105 0.000107454 0.999403 -0.034548 -3.03523 -0.990322 0.00490118 0.138701 141.892
0.0793138 0.0355381 0.996216 0.602287 0.00195426 0.999357 -0.0358057 -3.04588 -0.996848 0.00478676 0.0791933 141.883
0.0204512 0.0365033 0.999124 0.964423 0.00434203 0.999321 -0.0365994 -3.05462 -0.999781 0.00508673 0.0202788 141.872
-0.0317211 0.0338808 0.998922 1.34271 0.012324 0.999363 -0.0335044 -3.06037 -0.999421 0.011248 -0.0321184 141.803
-0.0798609 0.0270978 0.996438 1.72311 0.0188317 0.999493 -0.0256716 -3.08419 -0.996628 0.0167144 -0.0803307 141.736
-0.121432 0.0179537 0.992437 2.12147 0.0220038 0.999639 -0.0153916 -3.0941 -0.992356 0.0199684 -0.121783 141.65
-0.162274 0.0119632 0.986673 2.52244 0.0180944 0.999794 -0.00914642 -3.0857 -0.98658 0.0163691 -0.162457 141.578
-0.195766 0.00329577 0.980645 2.90269 0.0138914 0.999903 -0.000587348 -3.10501 -0.980552 0.0135076 -0.195793 141.456
-0.225039 0.00379373 0.974342 3.30777 0.014252 0.999898 -0.000601523 -3.13513 -0.974246 0.013751 -0.22507 141.334
-0.250829 0.0122385 0.967954 3.71482 0.017124 0.99982 -0.00820405 -3.15759 -0.96788 0.0145174 -0.250993 141.205
-0.272232 0.0255489 0.961892 4.13223 0.024254 0.999512 -0.0196838 -3.17648 -0.961926 0.0179712 -0.272719 141.069
-0.289008 0.037218 0.956603 4.53715 0.0248117 0.9992 -0.0313792 -3.21888 -0.957005 0.0146661 -0.2897 140.913
-0.304505 0.0478852 0.951306 4.97318 0.0236108 0.998808 -0.0427187 -3.22904 -0.952218 0.00945305 -0.305272 140.772
-0.317648 0.0532353 0.946713 5.44594 0.0174886 0.998582 -0.0502841 -3.23248 -0.948047 0.000584065 -0.318129 140.633
-0.328974 0.04932 0.94305 5.91673 0.0157196 0.998783 -0.0467511 -3.26595 -0.944208 -0.000555557 -0.329349 140.478
-0.336927 0.0435283 0.940524 6.4232 0.0174618 0.999048 -0.0399814 -3.29858 -0.941369 0.0029524 -0.337366 140.291
-0.345019 0.0401605 0.937736 6.92068 0.0214817 0.99916 -0.0348874 -3.34048 -0.93835 0.00810734 -0.345592 140.109
-0.352399 0.0419125 0.934911 7.42686 0.023995 0.999073 -0.0357445 -3.35915 -0.935542 0.00983682 -0.353078 139.937
-0.358316 0.0450635 0.932512 7.9392 0.0225025 0.998961 -0.0396281 -3.38416 -0.933329 0.0067845 -0.358957 139.759
-0.363467 0.0466918 0.930436 8.41465 0.020947 0.9989 -0.0419447 -3.40062 -0.931372 0.00424434 -0.364045 139.582
-0.366729 0.0470076 0.929139 8.94644 0.0184187 0.998894 -0.0432668 -3.41997 -0.930146 0.00124632 -0.367189 139.368
-0.368494 0.0474009 0.928421 9.48213 0.0206191 0.99887 -0.0428139 -3.45139 -0.929402 0.00336661 -0.369055 139.147
-0.368026 0.0495706 0.928493 10.0357 0.0231086 0.998757 -0.0441624 -3.46738 -0.929528 0.00520332 -0.368714 138.893
-0.368046 0.0483753 0.928548 10.5906 0.0233318 0.998812 -0.0427879 -3.51399 -0.929515 0.00591678 -0.368738 138.671
-0.368468 0.04709 0.928447 11.1695 0.0202296 0.998886 -0.0426342 -3.54224 -0.92942 0.00307278 -0.36901 138.449
-0.366537 0.0472982 0.929201 11.7526 0.0204202 0.998875 -0.0427898 -3.5774 -0.930179 0.00329041 -0.36709 138.194
-0.365039 0.0458554 0.929862 12.2982 0.0193884 0.998944 -0.0416507 -3.60536 -0.93079 0.00282442 -0.365542 137.973
-0.363745 0.0460636 0.930359 12.8645 0.019866 0.998933 -0.0416917 -3.63686 -0.931287 0.00331741 -0.364272 137.752
-0.360736 0.0447099 0.931596 13.4207 0.0216582 0.998983 -0.0395574 -3.69398 -0.932417 0.00590697 -0.361337 137.523
-0.359102 0.04464 0.93223 13.9952 0.022647 0.998978 -0.0391124 -3.71853 -0.933023 0.00706683 -0.359746 137.307
-0.35701 0.0416458 0.933172 14.5368 0.0221464 0.999102 -0.0361154 -3.75422 -0.933838 0.00777282 -0.357612 137.092
-0.355035 0.039534 0.934017 15.1011 0.0225244 0.999177 -0.0337302 -3.77926 -0.934582 0.00906274 -0.355633 136.877
-0.352422 0.0385337 0.935048 15.5987 0.0232611 0.999204 -0.0324104 -3.81367 -0.935552 0.0103281 -0.353038 136.684
-0.349362 0.0389492 0.936178 16.0899 0.0230277 0.999191 -0.0329774 -3.83301 -0.936705 0.010037 -0.349976 136.499
-0.346924 0.0395993 0.937057 16.5371 0.0211877 0.999184 -0.0343804 -3.84357 -0.937654 0.00792666 -0.34748 136.33
-0.344729 0.0403743 0.937834 16.994 0.0193393 0.999168 -0.0359061 -3.87252 -0.938503 0.00575915 -0.345223 136.169
-0.342723 0.0423434 0.938482 17.4409 0.0180692 0.999096 -0.0384795 -3.89495 -0.939263 0.00376984 -0.343178 136.014
-0.340488 0.0430646 0.939262 17.8714 0.0196217 0.999058 -0.0386933 -3.92681 -0.940044 0.00525536 -0.341012 135.86
-0.337493 0.0410218 0.940434 18.2993 0.0212262 0.999128 -0.0359646 -3.96393 -0.941089 0.00782404 -0.338069 135.705
-0.334754 0.0388028 0.941506 18.7148 0.0207385 0.999213 -0.0338075 -3.98861 -0.942077 0.0082083 -0.335295 135.561
-0.332444 0.0377418 0.942368 19.0996 0.0192333 0.999262 -0.0332354 -4.00106 -0.942927 0.0070759 -0.332924 135.44
-0.327514 0.0381931 0.944074 19.4218 0.019567 0.999243 -0.0336368 -4.00674 -0.944644 0.00745616 -0.328014 135.323
-0.322354 0.0384002 0.94584 19.7893 0.0198511 0.999231 -0.0338024 -4.01983 -0.946411 0.00787964 -0.322868 135.212
-0.317167 0.0375821 0.947625 20.0911 0.0174825 0.999276 -0.0337792 -4.05418 -0.948209 0.0058532 -0.317594 135.103
-0.313828 0.0390493 0.948676 20.3817 0.0136289 0.999236 -0.0366219 -4.03133 -0.949382 0.00143647 -0.314121 135.008
-0.311869 0.0385903 0.949341 20.6387 0.0131184 0.999254 -0.0363097 -4.04843 -0.950035 0.00112997 -0.312142 134.939
-0.310651 0.038496 0.949744 20.8542 0.0124029 0.999259 -0.0364462 -4.07063 -0.950443 0.000457494 -0.310898 134.877
-0.309029 0.0384641 0.950274 21.064 0.0105245 0.999259 -0.0370242 -4.09273 -0.950994 -0.00144037 -0.309205 134.807
-0.308055 0.0387448 0.950579 21.274 0.00850432 0.999243 -0.0379723 -4.10556 -0.95133 -0.00361354 -0.308152 134.755
-0.30771 0.0401011 0.950635 21.4583 0.00500753 0.999166 -0.0405274 -4.12315 -0.951467 -0.00771032 -0.307654 134.689
-0.310149 0.0426858 0.949729 21.6689 0.00328462 0.999034 -0.0438292 -4.11932 -0.950682 -0.0104741 -0.30999 134.628
-0.314284 0.0417613 0.94841 21.8613 0.00159578 0.999054 -0.0434625 -4.16014 -0.949328 -0.0121461 -0.314053 134.573
-0.31843 0.0425384 0.946991 22.0554 0.00286481 0.999031 -0.0439127 -4.14495 -0.947942 -0.0112702 -0.318243 134.515
-0.321317 0.0414871 0.946062 22.2524 0.0041036 0.999091 -0.0424189 -4.17827 -0.946963 -0.00974767 -0.321196 134.438
-0.321402 0.0410956 0.946051 22.4388 0.00725524 0.999135 -0.0409367 -4.1991 -0.946915 -0.00629331 -0.321422 134.348
-0.320048 0.0403712 0.946541 22.6263 0.00743752 0.999168 -0.040101 -4.22139 -0.947372 -0.00579435 -0.320082 134.268
-0.318611 0.0396812 0.947055 22.8175 0.00542355 0.999183 -0.0400408 -4.24339 -0.94787 -0.00762103 -0.318566 134.225
-0.315251 0.0405208 0.948143 23.0023 0.0038207 0.999134 -0.0414297 -4.2535 -0.949001 -0.00943819 -0.315133 134.172
-0.310481 0.0433252 0.949592 23.1916 0.00258781 0.998996 -0.0447331 -4.269 -0.950576 -0.0114314 -0.310282 134.113
-0.303238 0.0473287 0.951739 23.3914 0.00339029 0.998813 -0.0485894 -4.29757 -0.952909 -0.0115075 -0.303038 134.026
-0.296126 0.0518018 0.953743 23.6149 0.00316026 0.998576 -0.0532556 -4.3065 -0.955144 -0.0127563 -0.295868 133.964
-0.287761 0.0548599 0.95613 23.8779 0.00491646 0.998429 -0.0558072 -4.31599 -0.95769 -0.0113584 -0.287579 133.918
-0.278095 0.0541324 0.959027 24.1716 0.00369736 0.998464 -0.0552863 -4.33257 -0.960546 -0.011829 -0.277868 133.85
-0.267497 0.0528631 0.962108 24.4964 0.000980901 0.998508 -0.0545905 -4.35023 -0.963558 -0.013659 -0.267149 133.772
-0.255419 0.0524905 0.965404 24.8504 -0.000988652 0.99851 -0.0545521 -4.3623 -0.96683 -0.0148881 -0.254987 133.666
-0.244552 0.0516879 0.968258 25.2185 -0.00285704 0.998535 -0.0540258 -4.3867 -0.969632 -0.0159785 -0.244046 133.587
-0.235331 0.0514041 0.970555 25.6257 -0.004335 0.998535 -0.0539371 -4.41158 -0.971906 -0.0169004 -0.234764 133.522
-0.226507 0.0508581 0.972681 26.0338 -0.00639015 0.998537 -0.0536981 -4.4312 -0.973989 -0.0183786 -0.225851 133.446
-0.219279 0.0504609 0.974356 26.4894 -0.00749966 0.998545 -0.0534014 -4.44399 -0.975633 -0.0190171 -0.218581 133.357
-0.213878 0.0507611 0.975541 26.9595 -0.00896517 0.998505 -0.0539216 -4.47868 -0.976819 -0.0202785 -0.213104 133.255
-0.210603 0.0493685 0.976324 27.4474 -0.0122851 0.998511 -0.0531404 -4.51013 -0.977494 -0.0231858 -0.209683 133.155
-0.20998 0.0482796 0.976513 27.9574 -0.0143669 0.99852 -0.0524569 -4.54226 -0.9776 -0.0250444 -0.208976 133.052
-0.210363 0.0473811 0.976475 28.4815 -0.0154437 0.998539 -0.0517788 -4.55484 -0.977501 -0.0259728 -0.209324 132.935
-0.21203 0.0459286 0.976183 29.0383 -0.0164103 0.998587 -0.050547 -4.57546 -0.977125 -0.026737 -0.210977 132.832
-0.213481 0.0465699 0.975837 29.5902 -0.0155891 0.998574 -0.0510653 -4.60256 -0.976823 -0.0261139 -0.21245 132.694
-0.21418 0.0477041 0.975629 30.2161 -0.0175708 0.998457 -0.0526776 -4.64005 -0.976636 -0.0284251 -0.213011 132.539
-0.216014 0.0487627 0.975172 30.7979 -0.0163477 0.998432 -0.0535471 -4.68808 -0.976253 -0.0275088 -0.214878 132.419
-0.219141 0.0475639 0.974533 31.4381 -0.0163773 0.998491 -0.0524159 -4.74596 -0.975556 -0.0274467 -0.218032 132.298
-0.22133 0.0483818 0.973998 32.0816 -0.0162841 0.998446 -0.0532966 -4.77251 -0.975063 -0.0276569 -0.220199 132.16
-0.222715 0.0478845 0.973707 32.7371 -0.0164937 0.998465 -0.0528746 -4.81166 -0.974744 -0.027836 -0.221583 132.005
-0.227291 0.0467737 0.972703 33.4343 -0.0177337 0.998481 -0.0521572 -4.85591 -0.973665 -0.0291045 -0.226116 131.872
-0.230145 0.047645 0.971989 34.1332 -0.0176722 0.998431 -0.0531255 -4.89949 -0.972996 -0.0294037 -0.228942 131.732
-0.232546 0.0486867 0.971366 34.8336 -0.0182195 0.998353 -0.0544011 -4.93529 -0.972415 -0.0303485 -0.231276 131.58
-0.233972 0.0500656 0.970953 35.5825 -0.0189104 0.99825 -0.0560299 -4.96712 -0.972059 -0.0314705 -0.232616 131.401
-0.234153 0.048672 0.970981 36.3183 -0.0184242 0.998345 -0.0544867 -5.01289 -0.972025 -0.0306477 -0.232869 131.219
-0.235364 0.0453556 0.970848 37.0742 -0.0181301 0.998532 -0.0510442 -5.07021 -0.971738 -0.0296155 -0.234196 131.044
-0.235411 0.0419029 0.970992 37.8805 -0.017808 0.998716 -0.0474167 -5.11562 -0.971733 -0.0284539 -0.234363 130.818
-0.237783 0.0402881 0.970483 38.6683 -0.0159134 0.998844 -0.0453645 -5.16763 -0.971188 -0.0262305 -0.236867 130.649
-0.237392 0.0408108 0.970556 39.4782 -0.0141227 0.998867 -0.0454555 -5.20891 -0.971311 -0.0244977 -0.236546 130.447
-0.238389 0.043663 0.970188 40.2789 -0.0158958 0.99868 -0.0488511 -5.24995 -0.97104 -0.0270675 -0.23738 130.28
-0.237994 0.0443986 0.970251 41.1173 -0.0174265 0.998599 -0.0499704 -5.29343 -0.97111 -0.0288008 -0.236887 130.082
-0.236031 0.0448485 0.97071 41.9554 -0.0184936 0.998546 -0.0506313 -5.3525 -0.97157 -0.0299024 -0.234858 129.883
-0.232775 0.0434343 0.97156 42.8336 -0.0185932 0.998621 -0.0490987 -5.39529 -0.972353 -0.0294934 -0.231646 129.654
-0.232321 0.0428148 0.971696 43.7218 -0.0180773 0.998668 -0.0483253 -5.46246 -0.972471 -0.0287927 -0.231238 129.475
-0.231038 0.0435496 0.97197 44.6364 -0.0204527 0.99856 -0.0496026 -5.52169 -0.97273 -0.0313394 -0.229814 129.287
-0.230984 0.0424004 0.972033 45.5496 -0.0203531 0.998621 -0.0483966 -5.60408 -0.972745 -0.0309627 -0.229803 129.122
-0.226468 0.0420589 0.97311 46.4757 -0.0190072 0.998686 -0.0475877 -5.65019 -0.973833 -0.0292732 -0.225371 128.899
-0.223102 0.0410195 0.973932 47.4231 -0.0194763 0.998727 -0.0465254 -5.70526 -0.9746 -0.0293485 -0.22202 128.704
-0.219405 0.0415602 0.974748 48.3719 -0.0212633 0.998651 -0.0473655 -5.75275 -0.975402 -0.0311186 -0.218225 128.512
-0.214521 0.0433906 0.975755 49.3179 -0.0218598 0.998549 -0.0492101 -5.80919 -0.976475 -0.0318864 -0.213261 128.29
-0.208267 0.0433405 0.977111 50.2797 -0.0234778 0.998508 -0.0492938 -5.87188 -0.97779 -0.0332067 -0.206939 128.051
-0.20448 0.0413839 0.977996 51.2428 -0.0266196 0.998501 -0.0478173 -5.94235 -0.978509 -0.0358116 -0.203072 127.85
-0.200681 0.0400401 0.978838 52.2168 -0.0271027 0.998555 -0.0464032 -5.9884 -0.979282 -0.0358414 -0.199305 127.649
-0.198536 0.0381687 0.97935 53.1793 -0.0294582 0.998558 -0.0448891 -6.04628 -0.979651 -0.037762 -0.197125 127.485
-0.19421 0.0381332 0.980219 54.1716 -0.0282943 0.998611 -0.0444546 -6.10483 -0.980552 -0.0363681 -0.192861 127.298
-0.189674 0.036807 0.981157 55.1785 -0.0285972 0.998666 -0.0429922 -6.16406 -0.981431 -0.0362128 -0.188368 127.105
-0.183714 0.0371857 0.982276 56.1907 -0.0297068 0.998618 -0.0433604 -6.21188 -0.982531 -0.0371462 -0.182355 126.875
-0.179025 0.0386469 0.983085 57.204 -0.0294208 0.998571 -0.0446134 -6.249 -0.983404 -0.0369101 -0.177633 126.683
-0.174657 0.0364067 0.983956 58.2581 -0.0299921 0.998656 -0.0422744 -6.31616 -0.984173 -0.0368944 -0.17333 126.517
-0.169974 0.0348636 0.984832 59.2724 -0.0300308 0.998727 -0.0405386 -6.36839 -0.984991 -0.0364658 -0.168711 126.352
-0.165129 0.0332738 0.985711 60.3065 -0.030242 0.99879 -0.0387816 -6.44304 -0.985808 -0.0362138 -0.163923 126.176
-0.161635 0.034319 0.986254 61.3144 -0.0310009 0.998725 -0.0398336 -6.4977 -0.986364 -0.0370132 -0.160365 126.027
-0.157361 0.0352263 0.986913 62.3334 -0.0319915 0.998657 -0.0407465 -6.55481 -0.987023 -0.0379848 -0.156023 125.869
-0.153187 0.03601 0.987541 63.3508 -0.0353017 0.998499 -0.0418856 -6.61646 -0.987566 -0.0412782 -0.151686 125.729
-0.148705 0.039706 0.988084 64.3579 -0.0325655 0.998455 -0.0450238 -6.63825 -0.988345 -0.0388728 -0.147182 125.579
-0.144005 0.0389834 0.988809 65.3858 -0.0314923 0.998537 -0.0439533 -6.69777 -0.989076 -0.0374694 -0.142566 125.442
-0.138123 0.0360146 0.98976 66.4064 -0.031927 0.998657 -0.0407938 -6.7704 -0.9899 -0.0372346 -0.136788 125.304
-0.132972 0.0329179 0.990573 67.4231 -0.0329317 0.99875 -0.0376103 -6.85699 -0.990573 -0.0376223 -0.131722 125.189
-0.127062 0.0331367 0.991341 68.4528 -0.0334873 0.998729 -0.0376758 -6.91241 -0.991329 -0.0379844 -0.12579 125.081
-0.121968 0.0321946 0.992012 69.4671 -0.0360605 0.99867 -0.0368443 -6.98008 -0.991879 -0.0402663 -0.120645 124.981
-0.117411 0.0330165 0.992534 70.4268 -0.0366046 0.998624 -0.0375492 -7.04356 -0.992409 -0.04074 -0.116041 124.922
-0.112315 0.0325234 0.99314 71.4178 -0.0378643 0.998598 -0.0369842 -7.10374 -0.992951 -0.0417585 -0.110926 124.848
-0.104757 0.0324374 0.993969 72.4171 -0.0411168 0.998472 -0.0369178 -7.14863 -0.993648 -0.0447362 -0.103263 124.726
-0.101621 0.030641 0.994351 73.4038 -0.0425754 0.998476 -0.0351193 -7.20902 -0.993912 -0.0459038 -0.100162 124.662
-0.0940331 0.0309856 0.995087 74.3974 -0.0442327 0.998399 -0.0352686 -7.27365 -0.994586 -0.0473318 -0.0925119 124.547
-0.0881771 0.0312763 0.995614 75.3807 -0.0447275 0.998375 -0.0353243 -7.32572 -0.9951 -0.0476461 -0.0866348 124.444
-0.0834955 0.0325911 0.995975 76.3739 -0.043657 0.998386 -0.0363298 -7.36588 -0.995551 -0.0465146 -0.0819379 124.358
-0.0813226 0.031348 0.996195 77.3721 -0.0426961 0.998478 -0.0349053 -7.43488 -0.995773 -0.0453722 -0.0798604 124.298
-0.0769176 0.0363261 0.996375 78.3947 -0.0406629 0.99839 -0.0395386 -7.45098 -0.996208 -0.0435567 -0.0753166 124.236
-0.0743521 0.0341046 0.996649 79.3908 -0.0408758 0.998471 -0.0372164 -7.50521 -0.996394 -0.0435059 -0.0728443 124.177
-0.0712494 0.0363467 0.996796 80.3622 -0.0417226 0.998353 -0.0393857 -7.52562 -0.996586 -0.0443952 -0.0696156 124.105
-0.0677467 0.0376096 0.996993 81.341 -0.0431123 0.998246 -0.0405863 -7.56178 -0.996771 -0.0457322 -0.0660064 124.049
-0.0649623 0.0400466 0.997084 82.3265 -0.0443936 0.998089 -0.0429793 -7.59595 -0.9969 -0.0470562 -0.0630603 123.979
-0.0617804 0.0397186 0.997299 83.2584 -0.0444045 0.998109 -0.0425016 -7.66528 -0.997102 -0.0469103 -0.0598999 123.913
-0.0610862 0.0410284 0.997289 84.1963 -0.045529 0.998 -0.0438464 -7.69309 -0.997094 -0.048084 -0.0590961 123.885
-0.0582009 0.0382164 0.997573 85.092 -0.04588 0.998109 -0.0409136 -7.77373 -0.99725 -0.0481499 -0.0563375 123.814
-0.0562608 0.0356807 0.997778 85.9818 -0.0452366 0.998244 -0.0382481 -7.84363 -0.997391 -0.047288 -0.0545479 123.765
-0.0560821 0.0366935 0.997752 86.8367 -0.0482023 0.99806 -0.0394142 -7.88433 -0.997262 -0.0503044 -0.0542045 123.746
-0.0542068 0.0351928 0.997909 87.6985 -0.0471609 0.998173 -0.0377639 -7.94056 -0.997415 -0.0491093 -0.0524481 123.706
-0.0514835 0.0347834 0.998068 88.5608 -0.0479557 0.998154 -0.0372602 -7.98587 -0.997522 -0.0497813 -0.0497204 123.655
-0.0493309 0.0346043 0.998183 89.3797 -0.0501681 0.998052 -0.0370792 -8.03242 -0.997522 -0.051906 -0.0474988 123.592
-0.0449951 0.0352529 0.998365 90.2135 -0.0495267 0.99807 -0.0374746 -8.06918 -0.997759 -0.0511319 -0.0431623 123.531
-0.0438457 0.0364713 0.998372 91.0044 -0.0499375 0.998004 -0.038651 -8.11051 -0.997789 -0.0515509 -0.0419369 123.497
-0.0430672 0.0375354 0.998367 91.7872 -0.0529382 0.997804 -0.0397979 -8.15413 -0.997669 -0.0545657 -0.0409856 123.473
-0.0406026 0.0365756 0.998506 92.5651 -0.0515137 0.997924 -0.038649 -8.20606 -0.997847 -0.053006 -0.0386341 123.442
-0.039977 0.0370278 0.998514 93.3696 -0.052535 0.997853 -0.0391066 -8.24522 -0.997819 -0.0540203 -0.037946 123.456
-0.0382587 0.0352157 0.998647 94.1284 -0.055625 0.997754 -0.0373153 -8.30183 -0.997718 -0.0569773 -0.0362139 123.408
-0.0365409 0.0307723 0.998858 94.8738 -0.0534327 0.998036 -0.0327017 -8.33616 -0.997903 -0.0545667 -0.0348249 123.394
-0.0358078 0.0270345 0.998993 95.6339 -0.0536285 0.998142 -0.0289337 -8.36754 -0.997919 -0.0546106 -0.0342914 123.408
-0.0331411 0.0250972 0.999136 96.3298 -0.0553354 0.998105 -0.0269068 -8.42658 -0.997918 -0.0561793 -0.0316895 123.385
-0.0290534 0.0263369 0.999231 97.0021 -0.0575268 0.997952 -0.0279758 -8.46277 -0.997921 -0.0582954 -0.0274788 123.334
-0.0256581 0.0297676 0.999227 97.6437 -0.0557798 0.997957 -0.0311621 -8.49635 -0.998113 -0.0565363 -0.0239453 123.304
-0.0209233 0.0300434 0.99933 98.2688 -0.055996 0.997944 -0.0311742 -8.54457 -0.998212 -0.0566107 -0.019198 123.253
-0.0189729 0.0300239 0.999369 98.899 -0.0576321 0.997854 -0.0310725 -8.5787 -0.998158 -0.0581853 -0.0172019 123.251
-0.0202431 0.0309546 0.999316 99.556 -0.0594012 0.997718 -0.0321084 -8.59586 -0.998029 -0.0600106 -0.0183581 123.321
-0.0170202 0.035962 0.999208 100.123 -0.0610657 0.99745 -0.0369389 -8.50497 -0.997989 -0.061646 -0.0147808 123.273
-0.0146884 0.0347645 0.999288 100.691 -0.0620634 0.997437 -0.0356124 -8.55658 -0.997964 -0.0625423 -0.0124931 123.226
-0.0134605 0.0440071 0.998941 101.21 -0.0631714 0.996998 -0.0447727 -8.39339 -0.997912 -0.0637071 -0.0106401 123.242
-0.00771183 0.0375473 0.999265 101.674 -0.0649923 0.997163 -0.0379699 -8.54887 -0.997856 -0.0652374 -0.00524967 123.14
-0.0150926 0.0382844 0.999153 102.186 -0.0645956 0.997142 -0.0391831 -8.55752 -0.997797 -0.0651323 -0.0125765 123.335
-0.0143726 0.0407407 0.999066 102.587 -0.0626401 0.99717 -0.0415646 -8.72176 -0.997933 -0.063179 -0.0117799 123.375
-0.0170828 0.0545444 0.998365 102.951 -0.060145 0.996647 -0.0554797 -8.72919 -0.998043 -0.0609944 -0.013745 123.479
-0.0152298 0.0689943 0.997501 103.391 -0.0594585 0.995789 -0.0697837 -8.67694 -0.998115 -0.0603727 -0.0110634 123.442
-0.0140652 0.0737797 0.997175 103.799 -0.0597597 0.995429 -0.0744934 -8.70696 -0.998114 -0.0606387 -0.00959191 123.431
-0.0105095 0.0750867 0.997122 104.221 -0.0632662 0.995129 -0.0756034 -8.7144 -0.997941 -0.0638786 -0.00570785 123.366
-0.00865744 0.0806637 0.996704 104.614 -0.0683888 0.99436 -0.081068 -8.64093 -0.997621 -0.0688652 -0.00309212 123.307
-0.00503431 0.0807447 0.996722 105.013 -0.071728 0.994138 -0.0808976 -8.6223 -0.997412 -0.0719002 0.000786862 123.258
0.00226743 0.0647656 0.997898 105.41 -0.0678322 0.995612 -0.0644631 -8.84333 -0.997694 -0.0675435 0.00665067 123.157
0.004697 0.0562242 0.998407 105.813 -0.0664131 0.996231 -0.0557892 -8.92787 -0.997781 -0.0660453 0.00841332 123.144
0.00525257 0.0535124 0.998553 106.197 -0.0643843 0.996513 -0.0530644 -8.96362 -0.997911 -0.0640124 0.00867961 123.156
0.00754775 0.0545614 0.998482 106.584 -0.066622 0.996319 -0.0539396 -8.99062 -0.99775 -0.0661137 0.011155 123.137
0.00583555 0.05348 0.998552 106.979 -0.0683166 0.996257 -0.0529578 -9.07994 -0.997647 -0.0679086 0.00946728 123.187
0.0112166 0.0567015 0.998328 107.373 -0.0706108 0.995944 -0.0557727 -9.10778 -0.997441 -0.0698671 0.0151749 123.12
0.0151482 0.0566745 0.998278 107.776 -0.0704373 0.995972 -0.0554748 -9.16674 -0.997401 -0.0694756 0.0190792 123.073
0.0128981 0.0641606 0.997856 108.229 -0.068827 0.995629 -0.0631278 -9.0459 -0.997545 -0.0678653 0.0172577 123.14
0.0141557 0.062749 0.997929 108.653 -0.0723497 0.995477 -0.0615685 -9.08056 -0.997279 -0.0713283 0.0186315 123.156
0.0187996 0.0626038 0.997861 109.119 -0.0764891 0.995203 -0.0609959 -9.12016 -0.996893 -0.0751788 0.0234979 123.117
