1 0 0 0 0 1 0 0 0 0 1 0
0.99997 -0.00366407 0.00686491 -0.0369565 0.00370269 0.999977 -0.00562202 0.00959161 -0.00684415 0.00564727 0.999961 0.806989
0.999978 -0.00127647 0.00649193 -0.00291503 0.00135856 0.999919 -0.0126562 -0.00618834 -0.00647525 0.0126647 0.999899 1.58469
0.999917 0.00404395 0.0122226 -0.0466975 -0.00382968 0.999839 -0.0175033 -0.0203595 -0.0122914 0.017455 0.999772 2.3733
0.999907 -0.000394226 0.0136525 -0.0168626 0.000614306 0.99987 -0.0161197 -0.0327019 -0.0136444 0.0161266 0.999777 3.18267
0.99985 -0.0100105 0.0141268 0.0176211 0.0101754 0.99988 -0.0116559 -0.0495213 -0.0140084 0.0117979 0.999832 4.01182
0.999764 -0.0163437 0.0143352 0.0505435 0.0164796 0.99982 -0.00941639 -0.0701755 -0.0141787 0.00965041 0.999853 4.80802
0.999733 -0.0177302 0.0148135 0.0776867 0.0178399 0.999814 -0.00730446 -0.0809891 -0.0146812 0.00756678 0.999864 5.63982
0.999798 -0.013154 0.0152239 0.0779599 0.0131639 0.999913 -0.00055065 -0.100148 -0.0152153 0.000750944 0.999884 6.45446
0.999776 -0.0138331 0.0160215 0.0819792 0.0137582 0.999894 0.00477504 -0.125928 -0.0160858 -0.00455354 0.99986 7.27711
0.999853 -0.00864134 0.014825 0.109467 0.00864918 0.999962 -0.000464989 -0.126038 -0.0148205 0.000593145 0.99989 8.10281
0.999857 -0.0074633 0.0151717 0.123371 0.0075967 0.999933 -0.00875419 -0.144119 -0.0151054 0.0088682 0.999847 8.91082
0.999833 -0.00848482 0.0161902 0.11002 0.0086714 0.999896 -0.0114891 -0.173509 -0.016091 0.0116276 0.999803 9.71553
0.999888 -0.00509343 0.0140531 0.139625 0.00516947 0.999972 -0.00538027 -0.17677 -0.0140253 0.00545232 0.999887 10.5741
0.999859 -0.00660975 0.0154272 0.128694 0.00656286 0.999974 0.0030881 -0.18197 -0.0154472 -0.00298642 0.999876 11.3664
0.999753 -0.0130845 0.0179922 0.129369 0.0130161 0.999908 0.00391079 -0.190805 -0.0180417 -0.00367564 0.99983 12.177
0.999649 -0.0172885 0.0200846 0.153432 0.0174296 0.999824 -0.00687597 -0.193373 -0.0199622 0.00722362 0.999775 12.9953
0.999629 -0.0165567 0.0216362 0.175245 0.0168712 0.999753 -0.0144358 -0.202027 -0.0213919 0.0147955 0.999662 13.8056
0.999618 -0.0145889 0.0234567 0.204268 0.0150242 0.999716 -0.018488 -0.210747 -0.0231804 0.0188334 0.999554 14.6519
0.999524 -0.015997 0.0263773 0.223004 0.0164695 0.999706 -0.017792 -0.226539 -0.0260849 0.018218 0.999494 15.4807
0.999481 -0.0166069 0.0276042 0.269919 0.0170687 0.999717 -0.0165777 -0.21012 -0.0273211 0.0170403 0.999481 16.3371
0.999443 -0.0138076 0.0303895 0.280588 0.0142201 0.999809 -0.0133996 -0.194459 -0.0301987 0.0138243 0.999448 17.1774
0.999381 -0.0128176 0.0327465 0.311715 0.0130831 0.999883 -0.00790737 -0.160265 -0.0326414 0.00833091 0.999432 18.0411
0.999324 -0.0111071 0.0350414 0.335528 0.0111818 0.999936 -0.00193708 -0.181732 -0.0350176 0.00232759 0.999384 18.8655
0.999235 -0.0125195 0.0370625 0.368406 0.0126607 0.999913 -0.00357711 -0.189015 -0.0370145 0.00404361 0.999307 19.7257
0.999188 -0.0109621 0.0387625 0.405213 0.0113551 0.999886 -0.00993171 -0.213869 -0.0386493 0.0103638 0.999199 20.5174
0.999071 -0.00766935 0.042418 0.420138 0.00839225 0.999822 -0.0168906 -0.271548 -0.0422809 0.0172309 0.998957 21.2801
0.998982 -0.00362792 0.0449641 0.447363 0.00446385 0.999819 -0.0185048 -0.293913 -0.0448888 0.0186866 0.998817 22.0714
0.998807 0.000665696 0.0488259 0.463458 4.84995e-05 0.999893 -0.0146247 -0.310119 -0.0488305 0.0146097 0.9987 22.8602
0.998727 0.00402028 0.0502848 0.504632 -0.00366739 0.999968 -0.0071081 -0.345688 -0.0503118 0.00691464 0.99871 23.6473
0.998529 0.00950131 0.0533849 0.54536 -0.00926864 0.999946 -0.00460411 -0.358948 -0.0534257 0.00410253 0.998563 24.4492
0.998298 0.0144067 0.0565076 0.591524 -0.0140791 0.999882 -0.00619155 -0.378311 -0.0565901 0.00538544 0.998383 25.2485
0.998016 0.0169341 0.0606391 0.621626 -0.0162543 0.9998 -0.0116872 -0.407652 -0.0608248 0.0106783 0.998091 26.0219
0.997381 0.0156821 0.0706116 0.609861 -0.0142711 0.999689 -0.0204429 -0.436032 -0.0709102 0.0193817 0.997294 26.8602
0.996953 0.0154498 0.0764644 0.665257 -0.013571 0.999595 -0.0250302 -0.456409 -0.0768201 0.0239162 0.996758 27.6291
0.996224 0.0109118 0.0861269 0.707844 -0.00921656 0.999756 -0.0200563 -0.481465 -0.0863248 0.0191868 0.996082 28.4644
0.995604 0.00681997 0.0934098 0.784333 -0.00606055 0.999946 -0.00841129 -0.499786 -0.0934621 0.00780821 0.995592 29.2598
0.994514 0.00408025 0.104523 0.827161 -0.00387756 0.99999 -0.00214237 -0.525372 -0.10453 0.00172533 0.99452 30.0591
0.993779 -0.000519899 0.111373 0.957162 0.00105638 0.999988 -0.00475797 -0.541957 -0.11137 0.00484602 0.993767 30.7732
0.99283 -0.000422938 0.119536 1.05647 0.0019844 0.999914 -0.0129439 -0.551424 -0.119521 0.0130883 0.992745 31.5155
0.99188 -0.00383535 0.127119 1.16854 0.00610763 0.999828 -0.0174903 -0.579594 -0.12703 0.0181246 0.991733 32.206
0.990676 -0.00479188 0.136155 1.23185 0.00745381 0.999791 -0.0190476 -0.555995 -0.136036 0.0198849 0.990504 32.9278
0.989757 -0.0101613 0.142398 1.35723 0.012699 0.999776 -0.0169239 -0.56565 -0.142194 0.0185589 0.989665 33.6617
0.988518 -0.0159923 0.150257 1.40212 0.0180945 0.999756 -0.0126342 -0.619631 -0.150018 0.0152079 0.988566 34.3735
0.987625 -0.023339 0.155084 1.49123 0.0254785 0.999605 -0.0118221 -0.621223 -0.154747 0.0156271 0.98783 35.0754
0.987329 -0.0239507 0.156871 1.604 0.0264628 0.999553 -0.0139445 -0.639307 -0.156467 0.017919 0.987521 35.7644
0.987317 -0.0259764 0.15662 1.71968 0.0287529 0.999467 -0.0154878 -0.66168 -0.156134 0.0197946 0.987538 36.451
0.987573 -0.0273974 0.154756 1.83583 0.0307323 0.999343 -0.0191975 -0.638833 -0.154129 0.0237149 0.987766 37.1421
0.98808 -0.0276691 0.151432 1.93682 0.031019 0.999323 -0.0198035 -0.647988 -0.150781 0.0242648 0.988269 37.8155
0.988523 -0.0289715 0.148265 2.02333 0.0319294 0.999335 -0.0176081 -0.675855 -0.147656 0.02214 0.988791 38.4679
0.989557 -0.0258514 0.141807 2.12762 0.0285841 0.999442 -0.017267 -0.709308 -0.141282 0.0211401 0.989744 39.126
0.990025 -0.0289353 0.137889 2.14618 0.0317817 0.999324 -0.0184857 -0.712065 -0.137261 0.0226837 0.990275 39.8782
0.991007 -0.028376 0.130768 2.22221 0.0308628 0.999379 -0.0170291 -0.744706 -0.130204 0.0209118 0.991267 40.5343
0.991869 -0.0339322 0.122656 2.30852 0.0360474 0.999237 -0.0150661 -0.76478 -0.122051 0.0193651 0.992335 41.1881
0.992742 -0.0369065 0.114458 2.38668 0.0383697 0.999207 -0.0106063 -0.779955 -0.113975 0.014921 0.993372 41.8386
0.993499 -0.0383082 0.1072 2.45108 0.0391466 0.999217 -0.00572609 -0.799626 -0.106897 0.00988539 0.994221 42.4916
0.994566 -0.03798 0.0969305 2.54397 0.0383767 0.999261 -0.00223151 -0.844403 -0.0967741 0.00593926 0.995289 43.1311
0.995658 -0.0392541 0.0844027 2.69623 0.0400497 0.999168 -0.00775286 -0.827392 -0.0840281 0.0110995 0.996402 43.817
0.995912 -0.0418662 0.0800345 2.66478 0.0425832 0.999066 -0.00727201 -0.909482 -0.0796553 0.0106504 0.996766 44.4422
0.996141 -0.0437641 0.0760761 2.62461 0.0447761 0.998929 -0.0116479 -0.95562 -0.0754849 0.0150094 0.997034 45.0848
0.996572 -0.0418544 0.0713657 2.58226 0.0429906 0.998971 -0.0144598 -0.990875 -0.070687 0.0174783 0.997345 45.7269
0.997303 -0.0365326 0.0636591 2.55785 0.0378146 0.999103 -0.0190514 -0.981202 -0.062906 0.0214073 0.99779 46.3542
0.99791 -0.0365507 0.053293 2.59897 0.0376602 0.999091 -0.0199647 -1.01404 -0.0525148 0.02193 0.998379 47.0171
0.99848 -0.0307368 0.0457576 2.58293 0.0317333 0.999271 -0.0212127 -1.00922 -0.0450723 0.0226325 0.998727 47.6721
0.998931 -0.0261418 0.0381202 2.57447 0.0269497 0.99942 -0.0208359 -1.03501 -0.0375534 0.021841 0.999056 48.3382
0.999315 -0.0224195 0.0294477 2.58348 0.0230428 0.999514 -0.0209988 -1.06278 -0.0289626 0.021663 0.999346 48.9992
0.999489 -0.0203028 0.0246717 2.56879 0.0208291 0.999557 -0.0212647 -1.08331 -0.024229 0.0217677 0.999469 49.6925
0.999715 -0.0159985 0.0177079 2.57062 0.0163568 0.999661 -0.0202805 -1.10657 -0.0173774 0.0205643 0.999638 50.3585
0.999769 -0.0158269 0.014513 2.54427 0.0161157 0.99967 -0.0200018 -1.13543 -0.0141916 0.0202311 0.999695 51.04
0.999863 -0.0131151 0.0100817 2.52858 0.0133297 0.999679 -0.0215258 -1.13035 -0.00979618 0.0216573 0.999717 51.7147
0.999792 -0.0179285 0.0097605 2.48989 0.0181238 0.99963 -0.0203067 -1.16715 -0.00939281 0.0204793 0.999746 52.4066
0.99985 -0.0164078 0.00551789 2.49094 0.0165058 0.999698 -0.0182202 -1.18469 -0.00521727 0.0183085 0.999819 53.0907
0.999883 -0.0151645 0.00189169 2.48724 0.0151938 0.999746 -0.0166267 -1.20527 -0.00163907 0.0166535 0.99986 53.78
0.999857 -0.0168481 -0.00121092 2.47737 0.0168268 0.999732 -0.0158733 -1.22597 0.00147803 0.0158506 0.999873 54.4665
0.999805 -0.0194973 -0.00311585 2.46232 0.0194321 0.999616 -0.0197468 -1.22461 0.00349966 0.0196824 0.9998 55.1411
0.99974 -0.022771 -0.00122033 2.40711 0.0227442 0.999567 -0.0186901 -1.26426 0.0016454 0.0186575 0.999825 55.806
0.99978 -0.020798 -0.00263174 2.37884 0.0207392 0.999571 -0.0206762 -1.27738 0.00306064 0.0206171 0.999783 56.4766
0.999815 -0.0188958 -0.00362234 2.35388 0.0188238 0.999643 -0.0189652 -1.30707 0.00397941 0.0188935 0.999814 57.1724
0.999814 -0.018999 -0.00346423 2.32165 0.0189376 0.999677 -0.0169627 -1.3348 0.00378538 0.016894 0.99985 57.8742
0.999762 -0.0217645 -0.00161868 2.29331 0.021735 0.999629 -0.0164391 -1.3526 0.00197587 0.0164 0.999864 58.5564
0.999778 -0.0207192 -0.00384588 2.30255 0.0206466 0.999624 -0.0180447 -1.36017 0.0042183 0.0179613 0.99983 59.2563
0.999818 -0.0187982 -0.0031158 2.28743 0.0187334 0.999631 -0.0196695 -1.38014 0.0034844 0.0196076 0.999802 59.9245
0.999852 -0.0171577 -0.00126447 2.27386 0.0171262 0.999617 -0.0217339 -1.40205 0.00163689 0.021709 0.999763 60.5992
0.999859 -0.0160432 0.004866 2.22656 0.0161575 0.999571 -0.0244286 -1.42898 -0.004472 0.0245038 0.99969 61.2651
0.999818 -0.0153621 0.0112806 2.2017 0.0156207 0.999609 -0.0232042 -1.47991 -0.0109197 0.0233762 0.999667 61.9231
0.999835 -0.0129175 0.0127445 2.22588 0.0132303 0.999606 -0.0247737 -1.50625 -0.0124195 0.0249383 0.999612 62.6004
0.999764 -0.0123313 0.017895 2.22393 0.0127967 0.999577 -0.0261277 -1.52744 -0.0175652 0.0263505 0.999498 63.2562
0.999676 -0.0120171 0.0224301 2.24003 0.0126621 0.999504 -0.0288401 -1.53287 -0.0220724 0.0291148 0.999332 63.9277
0.99958 -0.0131388 0.0258306 2.25867 0.0137926 0.999585 -0.0253007 -1.55924 -0.0254874 0.0256464 0.999346 64.5959
0.999425 -0.0128154 0.0313836 2.27791 0.0135699 0.999621 -0.023946 -1.58139 -0.0310649 0.0243581 0.999221 65.2473
0.999173 -0.0135986 0.0383134 2.29888 0.0144569 0.999649 -0.0222149 -1.62017 -0.0379979 0.0227505 0.999019 65.895
0.998746 -0.0185912 0.0464753 2.31827 0.0197195 0.999519 -0.023938 -1.61073 -0.0460079 0.0248245 0.998633 66.5364
0.998181 -0.0225902 0.0558934 2.35034 0.0240387 0.999389 -0.0253798 -1.61196 -0.0552859 0.0266773 0.998114 67.1815
0.997758 -0.023347 0.0627279 2.3856 0.0249452 0.999381 -0.0248164 -1.63735 -0.0621097 0.0263255 0.997722 67.7811
0.997289 -0.0249469 0.0692332 2.42789 0.0267199 0.999335 -0.0248014 -1.66425 -0.0685684 0.0265841 0.997292 68.3814
0.99672 -0.0292222 0.0754669 2.48128 0.0310331 0.999255 -0.0229353 -1.69199 -0.0747405 0.025202 0.996885 68.9574
0.996358 -0.03159 0.079199 2.5636 0.0336083 0.99914 -0.0242821 -1.7053 -0.0783638 0.0268554 0.996563 69.4947
0.995678 -0.033561 0.0865966 2.58553 0.0358337 0.999049 -0.0248246 -1.72709 -0.0856811 0.0278204 0.995934 70.0284
0.995493 -0.0370593 0.0872913 2.6876 0.0392478 0.998953 -0.0234899 -1.77193 -0.0863294 0.02681 0.995906 70.6469
0.994909 -0.0419393 0.0916373 2.72462 0.0437131 0.998892 -0.017436 -1.81897 -0.0908045 0.021353 0.99564 71.1882
0.994928 -0.042891 0.090984 2.79636 0.0447083 0.998837 -0.01803 -1.81458 -0.0901049 0.0220063 0.995689 71.763
0.994887 -0.0435707 0.0911081 2.85084 0.0454045 0.998804 -0.0181513 -1.83837 -0.0902083 0.0221952 0.995676 72.3158
0.994859 -0.0459465 0.0902431 2.91632 0.0478598 0.99867 -0.0191519 -1.86195 -0.0892431 0.0233724 0.995736 72.8726
0.995017 -0.0455926 0.0886669 2.9695 0.0476287 0.998645 -0.0209838 -1.86534 -0.08759 0.0251023 0.99584 73.4262
0.995294 -0.0415324 0.087549 3.00827 0.0434572 0.998851 -0.0201945 -1.88303 -0.0866097 0.0239041 0.995955 73.9757
0.995511 -0.0393853 0.086064 3.04688 0.0412557 0.998947 -0.0200627 -1.89413 -0.0851832 0.0235233 0.996088 74.5219
0.995638 -0.0405546 0.0840197 3.08585 0.042408 0.998892 -0.0203926 -1.90644 -0.0830996 0.0238668 0.996255 75.0742
0.995683 -0.0451676 0.0810861 3.14061 0.046899 0.998708 -0.0195758 -1.93071 -0.0800971 0.0232941 0.996515 75.6286
0.995815 -0.0476331 0.0779951 3.1845 0.0491903 0.998624 -0.0181667 -1.95862 -0.0770225 0.0219272 0.996788 76.1724
0.996201 -0.0465332 0.0736148 3.21151 0.0481557 0.998631 -0.0204201 -1.96309 -0.0725638 0.0238875 0.997078 76.742
0.996767 -0.0454515 0.0662486 3.26299 0.0468994 0.99869 -0.0204658 -1.9802 -0.0652316 0.0235067 0.997593 77.2498
0.997211 -0.0452596 0.0593452 3.27519 0.0464911 0.998728 -0.0195365 -1.98467 -0.0583855 0.022241 0.998046 77.7436
0.997542 -0.0496358 0.0494577 3.30873 0.0505821 0.998556 -0.0180692 -2.00839 -0.0484894 0.0205265 0.998613 78.2662
0.997943 -0.0516628 0.0379539 3.32163 0.0524264 0.998436 -0.019406 -2.02663 -0.036892 0.0213559 0.999091 78.767
0.99835 -0.0511541 0.0260735 3.32497 0.0516846 0.998461 -0.0200964 -2.04365 -0.0250053 0.0214109 0.999458 79.2726
0.998722 -0.0484792 0.0142924 3.32973 0.0487596 0.998611 -0.0199646 -2.05716 -0.0133047 0.0206359 0.999699 79.7815
0.998924 -0.0461857 0.00408946 3.32577 0.0462596 0.998723 -0.0203163 -2.07802 -0.00314591 0.0204837 0.999785 80.2791
0.999112 -0.0421353 -0.000762101 3.25916 0.0421077 0.998862 -0.022413 -2.08087 0.00170561 0.022361 0.999749 80.8131
0.999147 -0.0411417 -0.00345853 3.21709 0.041054 0.998905 -0.0224497 -2.10745 0.00437836 0.0222886 0.999742 81.3301
0.999145 -0.0408478 -0.0063808 3.21829 0.0406955 0.99892 -0.0224001 -2.13603 0.0072889 0.0221212 0.999729 81.8061
0.999086 -0.0415357 -0.0101331 3.22179 0.0412769 0.998846 -0.0245367 -2.13934 0.0111406 0.024096 0.999648 82.3002
0.998985 -0.0423484 -0.0153177 3.2476 0.0419052 0.998724 -0.0281826 -2.13811 0.0164916 0.0275121 0.999485 82.7943
0.999017 -0.0414602 -0.0157075 3.23428 0.0409797 0.998716 -0.0297674 -2.15727 0.0169215 0.0290944 0.999433 83.2911
0.999068 -0.0403576 -0.0153358 3.22708 0.039874 0.998735 -0.0306287 -2.1821 0.0165525 0.0299886 0.999413 83.7908
0.999029 -0.0413134 -0.0152999 3.22885 0.0407808 0.998602 -0.0336232 -2.18242 0.0166676 0.0329666 0.999317 84.2988
0.999095 -0.0404024 -0.0133138 3.21928 0.0399426 0.998652 -0.0331617 -2.20829 0.0146357 0.0325999 0.999361 84.8314
0.998971 -0.0440541 -0.0107562 3.21263 0.0436727 0.998486 -0.0334388 -2.22295 0.012213 0.0329346 0.999383 85.362
0.999027 -0.0433881 -0.00792202 3.20904 0.043098 0.998502 -0.0337143 -2.23684 0.00937296 0.0333401 0.9994 85.9003
0.999091 -0.0423623 -0.00478658 3.20605 0.0421761 0.998534 -0.0339383 -2.25641 0.00621726 0.0337056 0.999412 86.4498
0.999152 -0.0411573 -0.000623273 3.2003 0.041114 0.998603 -0.0331882 -2.27779 0.00198834 0.0331344 0.999449 87.0063
0.999181 -0.0402379 0.00424875 3.20132 0.0403561 0.998644 -0.0328832 -2.30393 -0.00291983 0.0330278 0.99945 87.5698
0.999079 -0.0417025 0.0101268 3.21505 0.042016 0.998571 -0.0330286 -2.32776 -0.00873492 0.0334237 0.999403 88.1463
0.999022 -0.0417324 0.0146273 3.24531 0.0421868 0.998588 -0.0322723 -2.34396 -0.0132599 0.0328578 0.999372 88.7362
0.998988 -0.0398153 0.0209035 3.26698 0.0404476 0.998708 -0.0307508 -2.36739 -0.0196521 0.0315652 0.999308 89.3137
0.998877 -0.0385131 0.0275782 3.2952 0.0393439 0.998768 -0.0302423 -2.3893 -0.0263795 0.0312934 0.999162 89.9013
0.998702 -0.0371312 0.034879 3.32554 0.0381524 0.998849 -0.0290837 -2.42002 -0.0337589 0.0303766 0.998968 90.4978
0.998357 -0.0375831 0.0432438 3.35114 0.0388252 0.998847 -0.0282514 -2.43853 -0.0421321 0.029884 0.998665 91.0653
0.997778 -0.040445 0.0529471 3.38544 0.0419753 0.998723 -0.028116 -2.45119 -0.0517424 0.030276 0.998201 91.651
0.997346 -0.0367396 0.0628554 3.41975 0.0382922 0.998986 -0.0236775 -2.4981 -0.0619218 0.0260215 0.997742 92.2444
0.996527 -0.0376739 0.0742625 3.44756 0.0394824 0.998955 -0.0230361 -2.50053 -0.073317 0.0258882 0.996973 92.8536
0.995128 -0.0338085 0.0926083 3.41937 0.0358679 0.999143 -0.0206641 -2.51838 -0.0918303 0.0238851 0.995488 93.4918
0.993851 -0.0329125 0.105721 3.49001 0.0353416 0.999151 -0.0211858 -2.52357 -0.104934 0.0247919 0.99417 94.0389
0.991878 -0.0316661 0.123188 3.53335 0.0344271 0.9992 -0.0203483 -2.54858 -0.122445 0.0244241 0.992175 94.5641
0.989263 -0.0353519 0.141803 3.62766 0.0387513 0.999022 -0.0212826 -2.55466 -0.140912 0.0265492 0.989666 95.0892
0.985666 -0.0360531 0.164813 3.71093 0.0397441 0.999026 -0.0191517 -2.58359 -0.163962 0.0254275 0.986139 95.6462
0.982313 -0.0401777 0.182884 3.85432 0.044506 0.998816 -0.0196231 -2.58939 -0.181879 0.0274155 0.982939 96.1482
0.977862 -0.0429231 0.204801 3.96883 0.0473795 0.998734 -0.0169035 -2.60979 -0.203816 0.0262327 0.978658 96.6818
0.973252 -0.046222 0.225041 4.10587 0.0508773 0.998593 -0.014928 -2.62468 -0.224035 0.0259782 0.974235 97.1953
0.968113 -0.0495267 0.245568 4.24717 0.0544848 0.998424 -0.0134336 -2.63995 -0.244515 0.026385 0.969286 97.7073
0.962916 -0.0513697 0.264867 4.38833 0.0560704 0.998375 -0.0102123 -2.66936 -0.263912 0.0246848 0.964231 98.258
0.9583 -0.0593668 0.279528 4.55881 0.0635444 0.997962 -0.00589898 -2.71447 -0.278608 0.0234154 0.960119 98.7716
0.956013 -0.0662081 0.285753 4.75017 0.071063 0.99745 -0.00664188 -2.70711 -0.284584 0.0266562 0.95828 99.2365
0.955483 -0.073404 0.285771 4.96379 0.079548 0.996782 -0.0099343 -2.67656 -0.284122 0.0322245 0.958246 99.7666
0.956696 -0.0818149 0.279356 5.10481 0.0883515 0.99603 -0.0108657 -2.68793 -0.277358 0.0350768 0.960126 100.212
0.960078 -0.0785544 0.268477 5.2696 0.0850991 0.99629 -0.0128085 -2.67259 -0.266475 0.0351443 0.963201 100.749
0.9651 -0.0763061 0.250519 5.39768 0.0822704 0.99652 -0.0134067 -2.68889 -0.248624 0.0335491 0.968019 101.215
0.970602 -0.0769303 0.228066 5.51466 0.082454 0.996485 -0.0147767 -2.70792 -0.226128 0.0331473 0.973533 101.7
0.97592 -0.0782679 0.203601 5.60696 0.0829244 0.996451 -0.0144272 -2.74945 -0.20175 0.0309633 0.978948 102.18
0.981034 -0.0783 0.177318 5.68634 0.0825252 0.996451 -0.0165684 -2.76694 -0.175392 0.0308874 0.984014 102.658
0.985403 -0.078452 0.151085 5.73328 0.0819561 0.996489 -0.0170976 -2.78706 -0.149214 0.0292303 0.988373 103.135
0.989752 -0.0811568 0.117493 5.79875 0.0835595 0.99638 -0.0156619 -2.82504 -0.115797 0.0253191 0.99295 103.596
0.993161 -0.0828575 0.0822547 5.82326 0.0846403 0.996241 -0.0184231 -2.85167 -0.080419 0.0252592 0.996441 104.057
0.995807 -0.0792511 0.0456834 5.80881 0.0803631 0.996499 -0.0230379 -2.86436 -0.0436977 0.0266126 0.99869 104.504
0.997154 -0.0750215 0.00742902 5.79139 0.0751914 0.996827 -0.0261181 -2.88606 -0.00544603 0.0266023 0.999631 104.959
0.997261 -0.0687731 -0.0272232 5.74303 0.0679861 0.997269 -0.0288508 -2.90414 0.029133 0.0269209 0.999213 105.405
0.996361 -0.0618213 -0.0586783 5.68585 0.0601164 0.997729 -0.0303904 -2.92991 0.0604238 0.0267522 0.997814 105.835
0.995133 -0.054085 -0.0823722 5.59812 0.0519557 0.998263 -0.0277779 -2.9715 0.0837315 0.023363 0.996214 106.275
0.993403 -0.0483595 -0.103982 5.51649 0.0457414 0.998577 -0.0274183 -3.0054 0.10516 0.0224812 0.994201 106.692
0.991418 -0.0423369 -0.123684 5.43955 0.0391958 0.998847 -0.027721 -3.0159 0.124715 0.0226352 0.991934 107.122
0.989476 -0.0358114 -0.140196 5.36744 0.0323641 0.999117 -0.0267935 -3.05714 0.141032 0.0219743 0.989761 107.517
0.988184 -0.0332359 -0.149624 5.25374 0.0288271 0.999087 -0.0315392 -3.04275 0.150536 0.0268533 0.98824 107.97
0.987764 -0.0262611 -0.153732 5.1431 0.021347 0.99921 -0.0335295 -3.05346 0.154491 0.0298375 0.987544 108.412
0.987859 -0.0192645 -0.154152 5.03744 0.0140807 0.9993 -0.034649 -3.07028 0.154711 0.0320578 0.987439 108.872
0.988405 -0.015011 -0.1511 4.95026 0.00974129 0.99932 -0.0355555 -3.07938 0.151531 0.0336713 0.987879 109.361
0.989351 -0.0131607 -0.144952 4.88137 0.00791273 0.999294 -0.0367218 -3.08376 0.145333 0.0351838 0.988757 109.886
0.990969 -0.0132744 -0.133435 4.79946 0.00813597 0.999207 -0.0389809 -3.08594 0.133847 0.0375432 0.990291 110.415
0.992626 -0.0113697 -0.120681 4.73873 0.00646352 0.99914 -0.0409683 -3.10187 0.121043 0.0398862 0.991846 110.961
0.994167 -0.00990653 -0.107396 4.69662 0.00540268 0.999097 -0.0421469 -3.12089 0.107717 0.0413209 0.993323 111.544
0.995771 -0.00865995 -0.0914589 4.64685 0.00481133 0.999097 -0.0422173 -3.11944 0.0917419 0.0415987 0.994914 112.125
0.997152 -0.00986098 -0.0747724 4.59974 0.00677711 0.99912 -0.0413856 -3.14947 0.0751147 0.040761 0.996341 112.713
0.998332 -0.0120489 -0.0564658 4.54001 0.00960577 0.999014 -0.0433405 -3.15268 0.0569324 0.0427258 0.997463 113.367
0.999072 -0.0144314 -0.0405881 4.52013 0.0126137 0.998921 -0.0446869 -3.18361 0.0411892 0.0441335 0.998176 114.012
0.999634 -0.0105803 -0.0248961 4.48085 0.00941114 0.998868 -0.0466171 -3.20813 0.0253612 0.0463658 0.998603 114.672
0.999868 -0.0110458 -0.0119535 4.4876 0.0104412 0.998719 -0.0495151 -3.23444 0.0124851 0.0493837 0.998702 115.345
0.999925 -0.0121421 0.00182005 4.49549 0.0122215 0.99852 -0.0529906 -3.23307 -0.00117394 0.0530088 0.998593 116.07
0.999766 -0.0138107 0.016625 4.50344 0.0146699 0.998501 -0.0527242 -3.27714 -0.0158719 0.0529558 0.998471 116.769
0.999502 -0.0174432 0.0262913 4.56237 0.0187902 0.998476 -0.0518916 -3.3186 -0.0253461 0.0523598 0.998307 117.422
0.999217 -0.020842 0.0336302 4.61636 0.0225281 0.998467 -0.0505633 -3.37115 -0.0325248 0.0512814 0.998154 118.172
0.998877 -0.021761 0.0420937 4.63303 0.0238256 0.998505 -0.0491844 -3.40953 -0.0409605 0.0501321 0.997902 118.95
0.998579 -0.0252299 0.0469348 4.67471 0.0274931 0.998458 -0.0482161 -3.44981 -0.045646 0.049438 0.997734 119.735
0.998319 -0.0269287 0.0513137 4.69394 0.0293913 0.998422 -0.0478568 -3.48832 -0.049944 0.0492845 0.997535 120.541
0.998174 -0.0281252 0.053456 4.72892 0.0306841 0.998392 -0.0476665 -3.53021 -0.0520294 0.0492197 0.997432 121.315
0.998076 -0.0275367 0.0555475 4.75493 0.0301437 0.998456 -0.046654 -3.57886 -0.054177 0.0482387 0.997365 122.131
0.998051 -0.0267109 0.0563947 4.79438 0.0292389 0.998582 -0.0444893 -3.63474 -0.0551263 0.0460515 0.997417 122.934
0.99792 -0.024695 0.0595461 4.79626 0.0273708 0.998632 -0.0445465 -3.64824 -0.0583646 0.0460837 0.997231 123.713
0.997917 -0.0238401 0.0599429 4.85379 0.0262557 0.998861 -0.039838 -3.7114 -0.0589249 0.0413289 0.997407 124.546
0.997609 -0.0254263 0.0642627 4.84907 0.0276312 0.999051 -0.0336589 -3.77966 -0.0633459 0.0353541 0.997365 125.348
0.997555 -0.0250963 0.065227 4.87447 0.0271199 0.999172 -0.030325 -3.83907 -0.064412 0.0320198 0.99741 126.138
0.997646 -0.0290993 0.0620908 4.94336 0.0309438 0.999102 -0.0289551 -3.89652 -0.0611925 0.0308082 0.99765 126.899
0.997692 -0.0272774 0.0621875 4.96959 0.0292345 0.999099 -0.0307812 -3.94332 -0.0612918 0.0325282 0.99759 127.704
0.997727 -0.0284429 0.061082 5.01391 0.0305066 0.998986 -0.0331235 -3.97095 -0.0600779 0.0349117 0.997583 128.488
0.997768 -0.0307473 0.0592723 5.06759 0.0328241 0.998869 -0.0343894 -3.99871 -0.0581479 0.0362582 0.997649 129.277
0.997767 -0.0311775 0.0590692 5.10748 0.0332373 0.998862 -0.0342158 -4.03643 -0.0579352 0.0361027 0.997667 130.07
0.997778 -0.0296247 0.0596828 5.14333 0.0316882 0.998922 -0.0339287 -4.06981 -0.0586133 0.0357445 0.997641 130.857
0.99768 -0.0291524 0.0615233 5.18252 0.0313092 0.998918 -0.0343875 -4.09821 -0.0604542 0.036234 0.997513 131.642
0.997418 -0.0316928 0.0644376 5.23066 0.0339231 0.998852 -0.0338164 -4.13474 -0.0632919 0.0359151 0.997349 132.416
0.997195 -0.0313331 0.0679691 5.28278 0.0338041 0.998797 -0.0355146 -4.15101 -0.0667746 0.0377127 0.997055 133.235
0.996826 -0.0310777 0.0733011 5.3372 0.0337286 0.998811 -0.0352083 -4.17111 -0.0721197 0.0375688 0.996688 133.99
0.996239 -0.0325062 0.0803165 5.39827 0.035421 0.998755 -0.035136 -4.19733 -0.0790743 0.0378488 0.99615 134.76
0.995507 -0.0312024 0.0893976 5.46323 0.0343481 0.998836 -0.0338673 -4.2374 -0.0882368 0.0367857 0.99542 135.526
0.994601 -0.0281179 0.0998935 5.53897 0.0315092 0.998974 -0.0325349 -4.27612 -0.0988761 0.0355068 0.994466 136.294
0.993324 -0.0282449 0.111851 5.62654 0.0320783 0.998953 -0.0326225 -4.29619 -0.110812 0.0359927 0.993189 137.115
0.991643 -0.0280569 0.125921 5.72383 0.0322955 0.998974 -0.0317459 -4.33254 -0.124902 0.0355473 0.991532 137.876
0.989537 -0.0265978 0.141804 5.81284 0.03134 0.999018 -0.0313137 -4.3586 -0.140832 0.0354303 0.989399 138.616
0.987003 -0.0274164 0.158349 5.93329 0.0327767 0.998971 -0.031339 -4.39101 -0.157327 0.0361218 0.986886 139.365
0.983856 -0.0312515 0.176212 6.09435 0.0373735 0.998804 -0.0315301 -4.43222 -0.175016 0.0376068 0.983847 140.14
0.980616 -0.03295 0.193149 6.26697 0.0399559 0.998673 -0.0324881 -4.44423 -0.191822 0.0395758 0.980631 140.899
0.977698 -0.0346161 0.207144 6.46868 0.0421386 0.998599 -0.0320123 -4.45666 -0.205745 0.0400271 0.977787 141.648
0.974876 -0.039584 0.219205 6.65384 0.0475112 0.998389 -0.0310086 -4.48947 -0.217625 0.0406443 0.975186 142.372
0.972469 -0.0472118 0.228201 6.81065 0.0555507 0.997997 -0.0302542 -4.52402 -0.226315 0.042098 0.973144 143.074
0.971793 -0.0531216 0.229773 7.01057 0.0618163 0.997612 -0.0308042 -4.54927 -0.227588 0.044139 0.972757 143.802
0.972521 -0.0584335 0.225361 7.21528 0.0673394 0.997216 -0.0320293 -4.57377 -0.222862 0.0463249 0.973749 144.516
0.973454 -0.0642369 0.219686 7.38791 0.0731883 0.996777 -0.0328449 -4.60042 -0.216868 0.0480514 0.975018 145.249
0.975733 -0.0669994 0.208463 7.56476 0.075967 0.996485 -0.0353037 -4.61878 -0.205364 0.0502833 0.977393 145.96
0.977633 -0.0706504 0.198096 7.7067 0.0793745 0.996179 -0.0364409 -4.66038 -0.194764 0.0513496 0.979505 146.689
0.980029 -0.073142 0.184915 7.86437 0.0813875 0.995981 -0.0373906 -4.70133 -0.181437 0.0516937 0.982043 147.411
0.982253 -0.0736816 0.172484 8.01587 0.0819147 0.995791 -0.0411021 -4.71798 -0.168729 0.0545016 0.984154 148.136
0.98391 -0.0722323 0.163413 8.12922 0.0798847 0.995971 -0.040744 -4.75441 -0.159812 0.0531427 0.985716 148.855
0.985263 -0.0751763 0.153638 8.25777 0.0820759 0.99586 -0.0390612 -4.80064 -0.150066 0.0510955 0.987355 149.572
0.986488 -0.0756954 0.145295 8.35254 0.0823502 0.995787 -0.0403393 -4.83567 -0.14163 0.0517594 0.988566 150.289
0.98748 -0.0767517 0.137813 8.45199 0.0829176 0.995771 -0.0395636 -4.88554 -0.134194 0.0504954 0.989668 150.988
0.988248 -0.0790341 0.130839 8.52264 0.0846674 0.995682 -0.0380594 -4.93468 -0.127266 0.0486899 0.990673 151.685
0.989252 -0.0797298 0.122571 8.60184 0.084945 0.995664 -0.0379208 -4.97572 -0.119016 0.047925 0.991735 152.369
0.990083 -0.0809981 0.114786 8.68343 0.0858193 0.995597 -0.0376937 -5.00911 -0.111227 0.0471707 0.992675 153.057
0.991215 -0.0769322 0.107588 8.73669 0.0817215 0.995818 -0.0408322 -5.0394 -0.103996 0.0492657 0.993357 153.757
0.992061 -0.0765836 0.0997526 8.8117 0.0812056 0.995764 -0.0431242 -5.07739 -0.0960274 0.0508823 0.994077 154.391
0.992488 -0.0802582 0.0923324 8.86844 0.084604 0.995436 -0.0441505 -5.11703 -0.0883675 0.0516305 0.994749 155.021
0.993128 -0.0798284 0.0855862 8.9298 0.0838559 0.995482 -0.0445389 -5.13626 -0.081644 0.0514097 0.995335 155.669
0.993731 -0.0779193 0.0801685 8.98851 0.0816567 0.995669 -0.0444438 -5.17494 -0.0763582 0.0507115 0.99579 156.28
0.994196 -0.0749719 0.0771618 8.99535 0.0786522 0.995849 -0.0458119 -5.19935 -0.0734069 0.0516149 0.995966 156.866
0.994508 -0.0750176 0.0729833 9.05929 0.0784225 0.995906 -0.044959 -5.29423 -0.0693117 0.0504356 0.996319 157.455
0.994828 -0.0739494 0.0696375 9.14642 0.0767144 0.996332 -0.0379018 -5.52948 -0.0665793 0.0430479 0.996852 157.995
0.994911 -0.0735102 0.068909 9.1744 0.0763224 0.996316 -0.0391036 -5.5692 -0.0657806 0.0441639 0.996856 158.54
0.995258 -0.0723653 0.065004 9.31642 0.0757121 0.995846 -0.0505867 -5.33199 -0.0610732 0.0552684 0.996602 159.071
0.99528 -0.0701903 0.0670176 9.34037 0.0737038 0.995951 -0.0514768 -5.36277 -0.063133 0.0561733 0.996423 159.595
0.994898 -0.069364 0.0732513 9.31383 0.073249 0.99597 -0.0517505 -5.40315 -0.0693665 0.0568521 0.99597 160.11
0.994979 -0.0666256 0.0746873 9.45676 0.070755 0.996027 -0.0540765 -5.38875 -0.0707876 0.0590894 0.99574 160.622
0.99419 -0.0645137 0.0861673 9.42423 0.0697135 0.995835 -0.0587638 -5.39338 -0.0820173 0.0644294 0.994546 161.139
0.993389 -0.0602053 0.0977472 9.43191 0.0663124 0.995964 -0.0604788 -5.46702 -0.0937116 0.0665608 0.993372 161.615
0.992367 -0.0558006 0.109977 9.5103 0.0631905 0.995889 -0.0648944 -5.49624 -0.105904 0.0713486 0.991813 162.084
0.990542 -0.0516472 0.127117 9.57405 0.0606465 0.995842 -0.0679728 -5.52038 -0.123078 0.0750391 0.989556 162.528
0.987853 -0.0474451 0.147974 9.62423 0.0583686 0.995812 -0.0703726 -5.48743 -0.144015 0.0781547 0.986484 162.994
0.984299 -0.0471675 0.17009 9.75236 0.0597687 0.995773 -0.0697407 -5.4995 -0.166082 0.0788118 0.982958 163.429
0.979304 -0.0508933 0.195889 9.84713 0.064748 0.995784 -0.064982 -5.53874 -0.191756 0.0763206 0.978471 163.83
0.973355 -0.0546234 0.2227 9.99585 0.0703905 0.995497 -0.0634822 -5.54263 -0.21823 0.0774668 0.972818 164.243
0.96593 -0.0556555 0.25275 10.1445 0.0731189 0.995503 -0.0602276 -5.56906 -0.248261 0.0766564 0.965655 164.661
0.956718 -0.0505722 0.28659 10.2536 0.0697958 0.995917 -0.0572566 -5.59419 -0.282524 0.0747811 0.956341 165.047
0.947033 -0.0376259 0.318923 10.4488 0.0590777 0.996575 -0.0578558 -5.5931 -0.315654 0.0736326 0.946013 165.433
0.93454 -0.0277287 0.354775 10.5756 0.051029 0.997098 -0.0564878 -5.63116 -0.352179 0.0708939 0.933244 165.82
0.921614 -0.0253582 0.387277 10.7934 0.051726 0.996987 -0.0578129 -5.65562 -0.384644 0.0733135 0.920149 166.197
0.904619 -0.0345803 0.424816 11.0204 0.0653049 0.99618 -0.0579729 -5.67702 -0.421188 0.0801859 0.903422 166.615
0.883801 -0.0403556 0.466119 11.2272 0.0762948 0.995369 -0.0584845 -5.7085 -0.4616 0.0872512 0.882787 167.001
0.863802 -0.0407685 0.502179 11.582 0.0797288 0.995223 -0.0563468 -5.70583 -0.497483 0.0887106 0.862926 167.356
0.838267 -0.0338546 0.544209 11.8362 0.0717966 0.996234 -0.0486166 -5.72568 -0.540513 0.079826 0.83754 167.733
0.810309 -0.0337528 0.585029 12.0999 0.067339 0.99709 -0.0357432 -5.76751 -0.58212 0.0683584 0.810224 168.073
0.779446 -0.0313168 0.625686 12.4276 0.06256 0.997648 -0.0279998 -5.77578 -0.623338 0.0609673 0.779572 168.44
0.74507 -0.0342215 0.666108 12.7552 0.063424 0.997793 -0.0196805 -5.79389 -0.663964 0.0569106 0.745596 168.769
0.707091 -0.03306 0.70635 13.1173 0.0635026 0.997839 -0.0168664 -5.79819 -0.704266 0.0567811 0.707662 169.115
0.664187 -0.0345689 0.746767 13.5053 0.0687928 0.997518 -0.015009 -5.81374 -0.744395 0.0613409 0.664917 169.439
0.619833 -0.0287128 0.784208 13.8819 0.0681901 0.997521 -0.017374 -5.81376 -0.781765 0.0642442 0.620254 169.68
0.572525 -0.025033 0.819505 14.3022 0.0684566 0.997503 -0.0173552 -5.82001 -0.817024 0.0660368 0.572809 169.951
0.524508 -0.0252995 0.85103 14.7376 0.0646739 0.997854 -0.0101957 -5.84198 -0.848946 0.0603872 0.525019 170.161
0.475883 -0.0258991 0.879127 15.1974 0.0600157 0.998193 -0.00308049 -5.8534 -0.877458 0.0542274 0.476577 170.364
0.425785 -0.0267766 0.904428 15.6662 0.0638303 0.997961 -0.000504161 -5.86268 -0.90257 0.0579446 0.426626 170.529
0.375424 -0.0217718 0.926597 16.1525 0.0644318 0.997919 -0.00265789 -5.8696 -0.924611 0.0607002 0.376046 170.706
0.324 -0.0140936 0.945952 16.6081 0.0626445 0.998014 -0.00658722 -5.81413 -0.943981 0.0613929 0.32424 170.9
0.282193 -0.0124148 0.959277 17.1099 0.0597494 0.998203 -0.00465801 -5.80491 -0.957495 0.0586307 0.282427 171.022
0.245115 -0.0119817 0.96942 17.6512 0.0541578 0.998531 -0.00135214 -5.78937 -0.96798 0.0528331 0.245404 171.129
0.213199 -0.0146736 0.976899 18.1788 0.053558 0.998559 0.0033104 -5.79742 -0.97554 0.051615 0.213677 171.224
0.183801 -0.019577 0.982769 18.7179 0.0594755 0.998191 0.00876092 -5.80354 -0.981163 0.0568404 0.184633 171.297
0.15856 -0.0199609 0.987148 19.2607 0.0597309 0.998158 0.0105893 -5.79903 -0.985541 0.0572841 0.15946 171.356
0.139282 -0.0157747 0.990127 19.8335 0.0566603 0.998362 0.0079355 -5.77608 -0.98863 0.0549956 0.139948 171.41
0.122376 -0.0123276 0.992407 20.4276 0.0542105 0.998513 0.00571856 -5.75138 -0.991002 0.0530991 0.122863 171.475
0.103928 -0.0161893 0.994453 21.0066 0.0555378 0.998402 0.0104494 -5.73813 -0.993033 0.0541438 0.104661 171.579
0.0916167 -0.0183599 0.995625 21.6568 0.0561201 0.998336 0.0132458 -5.70889 -0.994212 0.0546611 0.0924946 171.597
0.0756112 -0.0203045 0.996931 22.301 0.0629765 0.997894 0.0155477 -5.71078 -0.995147 0.0616076 0.0767307 171.64
0.0576945 -0.0212132 0.998109 22.8979 0.0638905 0.997803 0.0175136 -5.71498 -0.996288 0.0627592 0.058923 171.686
0.0390627 -0.0220981 0.998992 23.5388 0.0633938 0.997796 0.0195928 -5.71361 -0.997224 0.0625646 0.0403775 171.754
0.0244894 -0.0243548 0.999403 24.2124 0.063602 0.997716 0.0227552 -5.7239 -0.997675 0.0630068 0.0259825 171.734
0.00761692 -0.0231009 0.999704 24.8741 0.0609406 0.997886 0.0225945 -5.7122 -0.998112 0.0607505 0.0090086 171.74
-0.00637998 -0.022648 0.999723 25.6052 0.0580396 0.99805 0.0229805 -5.70616 -0.998294 0.0581701 -0.00505306 171.712
-0.0198265 -0.0184813 0.999633 26.3153 0.0617441 0.997898 0.0196739 -5.67689 -0.997895 0.0621115 -0.0186437 171.691
-0.0310428 -0.0129205 0.999435 27.0337 0.0623657 0.997943 0.0148383 -5.67246 -0.99757 0.0627911 -0.0301731 171.666
-0.0430974 -0.00959951 0.999025 27.7647 0.0589502 0.998187 0.0121345 -5.65338 -0.99733 0.0594157 -0.0424534 171.674
-0.050499 -0.00921511 0.998682 28.4538 0.0543915 0.998448 0.0119633 -5.65431 -0.997242 0.0549239 -0.0499194 171.634
-0.0546457 -0.00569446 0.99849 29.2666 0.0522532 0.998597 0.0085548 -5.59852 -0.997138 0.0526418 -0.0542715 171.603
-0.0569553 -0.00716016 0.998351 30.0407 0.0518186 0.998605 0.0101182 -5.5918 -0.997031 0.0523095 -0.0565048 171.562
-0.0580673 -0.00672917 0.99829 30.8289 0.0504118 0.998682 0.0096641 -5.58109 -0.997039 0.0508867 -0.0576515 171.538
-0.0611512 -0.00493883 0.998116 31.5918 0.0480226 0.998815 0.00788446 -5.56894 -0.996973 0.0484143 -0.0608415 171.55
-0.0602845 -0.00780812 0.998151 32.3959 0.0481667 0.998782 0.0107221 -5.58144 -0.997018 0.048724 -0.059835 171.503
-0.0590991 -0.0101521 0.9982 33.1847 0.0517423 0.998573 0.0132193 -5.58534 -0.99691 0.0524304 -0.0584895 171.458
-0.0573656 -0.0111044 0.998291 34.0233 0.0490196 0.998701 0.0139258 -5.57954 -0.997149 0.0497347 -0.0567467 171.419
-0.0549454 -0.0106835 0.998432 34.8451 0.0492434 0.998697 0.0133963 -5.56024 -0.997274 0.0499022 -0.0543477 171.368
-0.0508463 -0.0104197 0.998652 35.6575 0.0518656 0.998569 0.0130596 -5.54648 -0.997359 0.0524597 -0.0502331 171.297
-0.0440103 -0.00942074 0.998987 36.4551 0.0552701 0.998401 0.0118501 -5.53033 -0.997501 0.0557357 -0.0434193 171.2
-0.0408262 -0.006808 0.999143 37.2661 0.0574833 0.998305 0.00915113 -5.51503 -0.997511 0.0578076 -0.0403657 171.137
-0.0369514 -0.00314922 0.999312 38.1127 0.058452 0.998276 0.00530733 -5.48156 -0.997606 0.0586079 -0.0367036 171.085
-0.035178 -0.00259685 0.999378 38.9908 0.0588303 0.998257 0.00466476 -5.48299 -0.997648 0.0589578 -0.0349639 171.071
-0.0347066 -0.00411673 0.999389 39.884 0.0648791 0.997873 0.00636359 -5.50573 -0.997289 0.0650603 -0.0343656 171.072
-0.0264746 -0.00183739 0.999648 40.7174 0.0682436 0.997662 0.00364109 -5.49067 -0.997317 0.068316 -0.0262873 170.989
-0.022774 -0.00173355 0.999739 41.5933 0.0677246 0.997699 0.00327277 -5.49099 -0.997444 0.0677815 -0.0226042 170.985
-0.0177098 -0.000211166 0.999843 42.4647 0.068438 0.997654 0.00142292 -5.48767 -0.997498 0.0684525 -0.0176538 170.957
-0.013241 -0.000134502 0.999912 43.3189 0.0672017 0.997739 0.00102411 -5.49917 -0.997652 0.0672094 -0.0132021 170.939
-0.0113601 -0.000549115 0.999935 44.2048 0.0633041 0.997993 0.00126723 -5.49503 -0.99793 0.0633144 -0.0113025 170.934
-0.018457 -0.00488047 0.999818 45.1071 0.0595798 0.998206 0.00597247 -5.52888 -0.998053 0.0596792 -0.0181331 171.02
-0.0197857 -0.0064776 0.999783 45.9748 0.0596303 0.998191 0.00764737 -5.52661 -0.998024 0.0597687 -0.0193637 171.008
-0.0215027 -0.0100671 0.999718 46.847 0.0560561 0.998364 0.0112591 -5.5399 -0.998196 0.0562824 -0.0209032 170.992
-0.0251961 -0.0118786 0.999612 47.7406 0.0500753 0.998659 0.0131294 -5.53835 -0.998428 0.0503867 -0.0245675 170.996
-0.0280922 -0.0126495 0.999525 48.635 0.0498761 0.998657 0.0140403 -5.53548 -0.99836 0.0502469 -0.0274236 170.966
-0.0310123 -0.0110586 0.999458 49.5122 0.044591 0.998928 0.0124364 -5.54156 -0.998524 0.0449525 -0.0304859 170.953
-0.0343658 -0.00904133 0.999368 50.3739 0.0446385 0.998947 0.0105725 -5.55906 -0.998412 0.0449737 -0.033926 170.936
-0.0376377 -0.00579662 0.999275 51.2434 0.0460017 0.998913 0.00752717 -5.56861 -0.998232 0.0462516 -0.0373301 170.918
-0.0399181 -4.08127e-05 0.999203 52.1149 0.0398437 0.999205 0.00163257 -5.56269 -0.998408 0.0398771 -0.0398847 170.902
-0.0420151 0.0016997 0.999116 52.9637 0.0436251 0.999048 0.000134949 -5.58665 -0.998164 0.0435922 -0.0420493 170.867
-0.0429026 -0.00213893 0.999077 53.8044 0.0434 0.99905 0.00400256 -5.64011 -0.998136 0.0435316 -0.042769 170.831
-0.0447804 -0.00577244 0.99898 54.6597 0.0417344 0.9991 0.00764392 -5.65854 -0.998125 0.0420341 -0.0444992 170.81
-0.0466343 -0.00648812 0.998891 55.5115 0.0371626 0.999275 0.00822559 -5.66544 -0.998221 0.037505 -0.0463594 170.798
-0.0454595 -0.00754789 0.998938 56.3752 0.0345454 0.999361 0.00912318 -5.66155 -0.998369 0.0349235 -0.0451697 170.758
-0.0446623 -0.010369 0.998948 57.2217 0.0374093 0.999227 0.0120444 -5.66875 -0.998301 0.0379079 -0.0442399 170.707
-0.0440164 -0.0134531 0.99894 58.0101 0.0415655 0.999019 0.0152857 -5.67868 -0.998166 0.0421942 -0.043414 170.662
-0.0437122 -0.0135634 0.998952 58.8348 0.0419784 0.999 0.0154009 -5.68962 -0.998162 0.0426076 -0.0430991 170.621
-0.0432816 -0.00962402 0.999017 59.6593 0.0432457 0.998998 0.0114974 -5.68275 -0.998127 0.0437008 -0.0428221 170.583
-0.0431759 -0.00491795 0.999055 60.496 0.0458596 0.998924 0.0068992 -5.68613 -0.998014 0.0461141 -0.0429039 170.551
-0.040696 -0.00576179 0.999155 61.2968 0.047867 0.998824 0.00770953 -5.72277 -0.998024 0.0481403 -0.0403724 170.462
-0.0409368 -0.00943812 0.999117 62.1314 0.051003 0.998632 0.0115233 -5.73709 -0.997859 0.0514297 -0.0403994 170.43
-0.0402342 -0.0149586 0.999078 62.942 0.0497444 0.998618 0.016955 -5.76148 -0.997951 0.0503807 -0.0394345 170.393
-0.0389096 -0.0151273 0.999128 63.7666 0.0523125 0.998483 0.0171548 -5.76499 -0.997872 0.0529344 -0.0380592 170.324
-0.0394836 -0.0103474 0.999167 64.6302 0.0548619 0.998416 0.0125076 -5.73845 -0.997713 0.05531 -0.0388533 170.305
-0.0375782 -0.00377562 0.999287 65.5623 0.0518365 0.998639 0.00572249 -5.6862 -0.997948 0.0520146 -0.0373314 170.214
-0.0394096 -0.00496186 0.999211 66.4167 0.0529215 0.998574 0.00704596 -5.69297 -0.997821 0.0531575 -0.0390908 170.181
-0.0403942 -0.00731089 0.999157 67.2818 0.0531299 0.998543 0.00945435 -5.68388 -0.99777 0.053467 -0.0399469 170.141
-0.0399946 -0.00965732 0.999153 68.1002 0.0532936 0.998509 0.0117844 -5.70922 -0.997778 0.0537198 -0.0394204 170.08
-0.0424629 -0.00747341 0.99907 69.0303 0.0515075 0.998626 0.00965928 -5.68112 -0.997769 0.0518698 -0.0420196 170.088
-0.0432744 -0.00679213 0.99904 69.88 0.0510299 0.998657 0.00899994 -5.6848 -0.997759 0.0513704 -0.0428697 170.057
-0.044118 -0.00463162 0.999016 70.7475 0.0542852 0.998501 0.00702654 -5.68106 -0.99755 0.0545418 -0.0438004 170.032
-0.0422098 -0.00576072 0.999092 71.5864 0.0533457 0.998544 0.00801132 -5.72143 -0.997684 0.0536354 -0.041841 169.978
-0.0441653 -0.00279502 0.99902 72.5067 0.0537489 0.998541 0.00516984 -5.71762 -0.997577 0.0539245 -0.0439506 169.975
-0.0441964 -0.00145198 0.999022 73.4004 0.0519007 0.998645 0.0037475 -5.70777 -0.997674 0.0520156 -0.0440612 169.941
-0.0444619 -0.00420272 0.999002 74.2978 0.0520005 0.998626 0.00651549 -5.72083 -0.997657 0.0522383 -0.0441823 169.909
-0.0448665 -0.00323364 0.998988 75.2033 0.0519002 0.998637 0.00556345 -5.70973 -0.997644 0.0520973 -0.0446375 169.897
