1 0 0 0 0 1 0 0 0 0 1 0
0.999985 -0.000708447 0.0054795 0.0164674 0.000706596 1 0.000339724 -0.018171 -0.00547974 -0.000335847 0.999985 0.615504
0.999951 -0.00167338 0.00978323 0.0233047 0.00167159 0.999999 0.000191343 -0.0224016 -0.00978353 -0.00017498 0.999952 1.25257
0.999911 -0.00270815 0.0130421 0.0209089 0.00272293 0.999996 -0.00111576 -0.00591435 -0.013039 0.00115118 0.999914 1.92857
0.999871 -0.0021616 0.0159347 -0.000710481 0.00217558 0.999997 -0.000859998 -0.00445338 -0.0159328 0.000894554 0.999873 2.60344
0.999848 -0.00187526 0.0173267 0.00865914 0.00187985 0.999998 -0.000248487 -0.0244147 -0.0173262 0.000281021 0.99985 3.27966
0.999848 -0.00318191 0.0171231 0.0392257 0.00319852 0.999994 -0.000942714 -0.0147044 -0.01712 0.00099734 0.999853 3.97155
0.999779 -0.0035307 0.0207117 -0.0173913 0.00356006 0.999993 -0.00138055 -0.0125947 -0.0207066 0.00145398 0.999785 4.71581
0.999754 -0.00431591 0.0217329 -0.0179334 0.00431023 0.999991 0.000308545 -0.0500422 -0.021734 -0.000214795 0.999764 5.47218
0.999684 -0.00531298 0.0245878 -0.0650789 0.00532635 0.999986 -0.000478153 -0.0300908 -0.0245849 0.000608965 0.999698 6.25336
0.999566 -0.00566843 0.0289106 -0.17237 0.00561811 0.999983 0.00182162 -0.0540633 -0.0289205 -0.0016584 0.99958 7.09932
0.999659 -0.00511957 0.0255987 -0.0959303 0.00505643 0.999984 0.00253071 -0.0523298 -0.0256113 -0.00240041 0.999669 7.86715
0.999715 -0.00444424 0.023437 -0.0665608 0.00442925 0.99999 0.000691413 -0.0278572 -0.0234399 -0.000587408 0.999725 8.67434
0.99979 -0.00314686 0.0202396 -0.0116053 0.00314508 0.999995 0.000119827 -0.0261452 -0.0202399 -5.61463e-05 0.999795 9.49996
0.999829 -0.00218038 0.0183445 0.0137008 0.00219115 0.999997 -0.000567375 -0.0328488 -0.0183432 0.000607474 0.999832 10.3251
0.999853 0.00149721 0.0170763 0.022286 -0.00145756 0.999996 -0.00233413 -0.0600376 -0.0170797 0.0023089 0.999851 11.1877
0.999876 0.00523057 0.0148657 0.0465876 -0.00520309 0.999985 -0.00188633 -0.102351 -0.0148753 0.00180875 0.999888 12.0536
0.999909 0.00752573 0.0111702 0.0828505 -0.00750421 0.99997 -0.00196688 -0.105303 -0.0111846 0.00188288 0.999936 12.9133
0.999858 0.0111175 0.012683 0.00410733 -0.0111202 0.999938 0.000144062 -0.120616 -0.0126806 -0.000285079 0.99992 13.8185
0.999849 0.0132789 0.0112123 0.0137362 -0.0132922 0.999911 0.00110855 -0.138001 -0.0111965 -0.00125742 0.999937 14.6651
0.999816 0.0155969 0.0111806 -0.0236414 -0.0156054 0.999878 0.000677516 -0.139354 -0.0111687 -0.000851869 0.999937 15.5669
0.999789 0.0178807 0.010139 -0.0375573 -0.0178857 0.99984 0.000398318 -0.153447 -0.0101302 -0.000579577 0.999949 16.4222
0.999807 0.0179377 0.00803626 -0.0310175 -0.0179439 0.999839 0.000706446 -0.172343 -0.0080223 -0.000850512 0.999967 17.3029
0.999809 0.0189686 0.00463123 -0.00799627 -0.0189741 0.999819 0.00114843 -0.191501 -0.00460861 -0.00123608 0.999989 18.1747
0.99984 0.0172967 0.00455576 -0.0226321 -0.0173068 0.999848 0.00219895 -0.199655 -0.00451704 -0.00227744 0.999987 19.023
0.999886 0.0148339 0.0029335 -0.0196954 -0.0148471 0.99988 0.00451756 -0.215577 -0.00286614 -0.00456059 0.999985 19.8685
0.999881 0.0153369 0.00158005 -0.0258427 -0.0153453 0.999867 0.00544335 -0.211205 -0.00149636 -0.00546695 0.999984 20.7062
0.99993 0.0116149 -0.00226443 0.000125618 -0.0116071 0.999927 0.00344199 -0.197712 0.00230424 -0.00341546 0.999992 21.5493
0.999951 0.00915157 -0.00379246 -9.02326e-05 -0.00913376 0.999947 0.0046887 -0.191521 0.00383517 -0.00465383 0.999982 22.4113
0.999947 0.00937779 -0.00430841 -0.0184208 -0.00935075 0.999937 0.00625545 -0.184186 0.0043668 -0.00621483 0.999971 23.2416
0.999949 0.00992237 -0.00184364 -0.0723769 -0.00990781 0.999921 0.0077415 -0.193976 0.00192031 -0.00772284 0.999968 24.0645
0.999956 0.00887628 -0.00317454 -0.0771747 -0.00884963 0.999926 0.00831498 -0.200241 0.00324812 -0.00828651 0.99996 24.9195
0.999954 0.00606243 -0.00745182 -0.0446027 -0.00600323 0.99995 0.00794054 -0.181557 0.00749959 -0.00789544 0.999941 25.7194
0.999954 0.00330039 -0.00902649 -0.0442749 -0.00321899 0.999954 0.0090181 -0.152838 0.00905584 -0.00898863 0.999919 26.571
0.999941 -9.83876e-05 -0.0108337 -0.0559291 0.000200561 0.999956 0.00943043 -0.155982 0.0108322 -0.00943205 0.999897 27.411
0.999896 -0.00422666 -0.0137753 -0.0498268 0.00435008 0.999951 0.00894131 -0.169387 0.0137369 -0.0090003 0.999865 28.2423
0.99984 -0.0089176 -0.0155371 -0.0684043 0.00902411 0.999936 0.00679842 -0.173775 0.0154755 -0.00693754 0.999856 29.0788
0.999773 -0.0108975 -0.0183167 -0.0724327 0.0109387 0.999938 0.00215024 -0.148421 0.0182922 -0.00235011 0.99983 29.9084
0.999748 -0.0100223 -0.0200953 -0.0906538 0.0100617 0.999948 0.00186003 -0.154102 0.0200756 -0.00206175 0.999796 30.7488
0.999663 -0.00820153 -0.0246256 -0.0937359 0.00828749 0.99996 0.00339045 -0.179583 0.0245969 -0.00359339 0.999691 31.5532
0.999646 -0.00735985 -0.0255694 -0.148156 0.00744373 0.999967 0.00318693 -0.183426 0.0255452 -0.00337613 0.999668 32.3595
0.999593 -0.00711862 -0.0276408 -0.175815 0.00717186 0.999973 0.00182739 -0.191646 0.027627 -0.00202488 0.999616 33.1615
0.9996 -0.00746795 -0.0272744 -0.226198 0.00757037 0.999965 0.00365386 -0.231229 0.0272461 -0.00385888 0.999621 33.9601
0.999555 -0.00636121 -0.0291316 -0.256472 0.0064032 0.999979 0.00134836 -0.237333 0.0291224 -0.0015343 0.999575 34.7566
0.999516 -0.00426778 -0.0308259 -0.293809 0.00416753 0.999986 -0.00331563 -0.218862 0.0308397 0.00318556 0.999519 35.5446
0.999497 -0.00252533 -0.0316213 -0.330161 0.00227942 0.999967 -0.0078104 -0.210027 0.03164 0.00773439 0.999469 36.3208
0.999459 -0.00175388 -0.0328336 -0.348596 0.00137228 0.999931 -0.0116409 -0.204596 0.0328518 0.0115896 0.999393 37.1419
0.999525 -0.0023937 -0.0307324 -0.400076 0.00194849 0.999893 -0.0145085 -0.198011 0.0307638 0.0144417 0.999422 37.9173
0.999556 -0.00347167 -0.0296053 -0.42957 0.00300295 0.99987 -0.0158622 -0.214903 0.0296565 0.0157662 0.999436 38.7048
0.999564 -0.003915 -0.0292513 -0.450402 0.00343497 0.999859 -0.016443 -0.23446 0.0293115 0.0163354 0.999437 39.4808
0.999583 -0.00426825 -0.0285734 -0.471459 0.00379205 0.999853 -0.0166993 -0.251093 0.0286405 0.0165839 0.999452 40.2593
0.999589 -0.00675187 -0.0278497 -0.49634 0.00638992 0.999894 -0.0130649 -0.303051 0.027935 0.0128816 0.999527 41.0383
0.999609 -0.0064505 -0.0272162 -0.505757 0.00609864 0.999897 -0.0129915 -0.31421 0.0272972 0.0128204 0.999545 41.8317
0.999625 -0.00635796 -0.0266515 -0.515225 0.00600262 0.999892 -0.0133919 -0.331124 0.0267337 0.0132269 0.999555 42.6132
0.999651 -0.00709264 -0.0254296 -0.549142 0.00675746 0.999889 -0.0132423 -0.367383 0.0255207 0.0130659 0.999589 43.386
0.999654 -0.00572895 -0.0256627 -0.528624 0.00534547 0.999873 -0.0149865 -0.34696 0.0257453 0.0148442 0.999558 44.1948
0.999678 -0.00478654 -0.024937 -0.536627 0.004434 0.99989 -0.0141736 -0.35648 0.0250021 0.0140585 0.999589 45.008
0.999695 -0.00531054 -0.0241371 -0.547005 0.0050104 0.99991 -0.0124784 -0.378995 0.0242012 0.0123536 0.999631 45.8002
0.999727 -0.00567585 -0.0226776 -0.576459 0.00541161 0.999917 -0.0116964 -0.393071 0.0227421 0.0115705 0.999674 46.5977
0.999759 -0.00478992 -0.0214128 -0.604124 0.00452447 0.999913 -0.012428 -0.40973 0.0214705 0.0123281 0.999693 47.3544
0.999809 -0.00317121 -0.0192791 -0.630596 0.00287608 0.999879 -0.0153166 -0.412346 0.0193253 0.0152582 0.999697 48.184
0.99982 -0.00197583 -0.0188472 -0.619805 0.00167596 0.999872 -0.0159131 -0.452469 0.0188762 0.0158787 0.999696 49.0142
0.999859 -0.00108351 -0.0167457 -0.650371 0.00076218 0.999816 -0.0191832 -0.423177 0.0167634 0.0191677 0.999676 49.831
0.999861 0.000486172 -0.0166508 -0.631027 -0.000804226 0.999817 -0.0191 -0.423184 0.0166384 0.0191108 0.999679 50.632
0.999882 0.00122396 -0.0153365 -0.648168 -0.00149351 0.999844 -0.0175763 -0.458461 0.0153126 0.0175971 0.999728 51.4402
0.999894 0.00223193 -0.0143794 -0.643608 -0.00249774 0.999826 -0.0184941 -0.45218 0.0143356 0.0185281 0.999726 52.281
0.999903 0.00450439 -0.0131666 -0.644309 -0.0047559 0.999806 -0.0191342 -0.473965 0.0130778 0.019195 0.99973 53.1137
0.999897 0.00760859 -0.0121478 -0.649314 -0.00783859 0.999789 -0.0189996 -0.497919 0.0120006 0.0190929 0.999746 53.9453
0.999921 0.00693717 -0.0105245 -0.678241 -0.00713271 0.9998 -0.0186577 -0.50548 0.010393 0.0187313 0.999771 54.8001
0.999934 0.00521855 -0.0102557 -0.672726 -0.00538323 0.999856 -0.016096 -0.543533 0.0101702 0.0161501 0.999818 55.6418
0.999963 -0.000349711 -0.00861435 -0.694278 0.000200979 0.999851 -0.0172604 -0.572166 0.0086191 0.0172581 0.999814 56.5018
0.999969 -0.0011888 -0.00783545 -0.729704 0.000997042 0.999701 -0.0244319 -0.589508 0.00786215 0.0244234 0.999671 57.3746
0.999973 -0.000456745 -0.00731257 -0.771381 0.000213014 0.999445 -0.0332967 -0.626354 0.00732372 0.0332942 0.999419 58.2504
0.99996 -0.00201792 -0.00867882 -0.783301 0.0016635 0.999172 -0.0406519 -0.638011 0.00875367 0.0406358 0.999136 59.1097
0.999909 -0.00793569 -0.0108684 -0.763438 0.00750741 0.999215 -0.0388957 -0.682316 0.0111685 0.0388105 0.999184 59.9835
0.99995 -0.00251256 -0.00966272 -0.809831 0.00222006 0.999543 -0.0301634 -0.734561 0.00973408 0.0301405 0.999498 60.8229
0.999972 0.00323139 -0.00676144 -0.886349 -0.00337513 0.999766 -0.0213564 -0.773267 0.00669085 0.0213786 0.999749 61.6556
0.999934 0.0062871 -0.00958351 -0.875979 -0.00645548 0.999824 -0.0176412 -0.784223 0.0094709 0.0177019 0.999798 62.5259
0.9999 0.00779641 -0.011839 -0.862894 -0.00798046 0.999847 -0.0155795 -0.802124 0.0117158 0.0156724 0.999809 63.4055
0.999908 0.00445135 -0.0127972 -0.866239 -0.00465078 0.999868 -0.0155968 -0.853801 0.0127261 0.0156549 0.999796 64.2775
0.999877 0.00111042 -0.0156716 -0.857254 -0.00144932 0.999765 -0.0216307 -0.854026 0.0156439 0.0216508 0.999643 65.1465
0.999856 -0.00183827 -0.0168697 -0.879837 0.00140689 0.999673 -0.0255475 -0.879471 0.0169112 0.0255201 0.999531 65.9985
0.999826 -0.00262974 -0.0184799 -0.902709 0.00212909 0.999632 -0.027059 -0.909985 0.0185443 0.0270149 0.999463 66.8678
0.999772 -0.00349099 -0.0210815 -0.903188 0.00287912 0.999576 -0.0289851 -0.911159 0.0211737 0.0289177 0.999358 67.75
0.999745 -0.00251218 -0.0224448 -0.928509 0.00188012 0.999602 -0.0281376 -0.943668 0.0225065 0.0280882 0.999352 68.601
0.99972 -0.00102699 -0.02366 -0.948167 0.000359111 0.999602 -0.028215 -0.9727 0.0236796 0.0281985 0.999322 69.4585
0.999643 -0.00183564 -0.0266532 -0.93774 0.0011083 0.999627 -0.0272781 -1.00065 0.0266933 0.0272388 0.999272 70.3481
0.9996 -0.00101107 -0.028262 -0.947673 0.000219331 0.999608 -0.0280034 -1.01527 0.0282792 0.027986 0.999208 71.21
0.999585 -0.00165732 -0.028776 -0.995795 0.000778837 0.999534 -0.0305128 -1.03436 0.0288132 0.0304777 0.99912 72.0771
0.999574 0.00107904 -0.0291535 -1.04135 -0.00199534 0.999504 -0.0314195 -1.07266 0.0291051 0.0314643 0.999081 72.9484
0.999469 0.00305931 -0.0324285 -1.04181 -0.00404217 0.999533 -0.0302863 -1.12272 0.0323207 0.0304013 0.999015 73.8347
0.999461 0.00309489 -0.0326772 -1.07478 -0.00408944 0.999529 -0.0304127 -1.13558 0.0325676 0.0305299 0.999003 74.7026
0.999298 0.00502799 -0.0371369 -1.0337 -0.00615555 0.999522 -0.0303106 -1.17353 0.0369667 0.0305179 0.99885 75.5553
0.999323 0.00742996 -0.0360296 -1.09234 -0.00862689 0.999412 -0.0331798 -1.20005 0.0357618 0.0334682 0.9988 76.4538
0.999452 0.00875608 -0.0319072 -1.17669 -0.00995401 0.999244 -0.0375807 -1.22087 0.0315541 0.0378777 0.998784 77.3139
0.999439 0.00919487 -0.0321963 -1.20719 -0.0104807 0.999145 -0.0399992 -1.26485 0.0318009 0.0403142 0.998681 78.2174
0.99945 0.0103789 -0.0314804 -1.24906 -0.0116758 0.999079 -0.0412969 -1.31671 0.0310228 0.0416418 0.998651 79.1079
0.999451 0.0100027 -0.0315729 -1.27687 -0.0113056 0.99908 -0.0413605 -1.36992 0.0311301 0.0416948 0.998645 80.0132
0.999498 0.00991975 -0.0300878 -1.34475 -0.0111593 0.999084 -0.0413144 -1.42794 0.0296505 0.0416294 0.998693 80.9493
0.999569 0.00940499 -0.0277974 -1.46168 -0.0106225 0.998976 -0.0439826 -1.45468 0.0273553 0.0442589 0.998646 81.9261
0.999622 0.00919808 -0.0259267 -1.57509 -0.0103824 0.998891 -0.0459231 -1.50002 0.0254756 0.0461749 0.998608 82.891
0.999699 0.0112017 -0.0218465 -1.75234 -0.0121966 0.998869 -0.0459517 -1.5648 0.021307 0.0462043 0.998705 83.8766
0.999566 0.0110165 -0.0273286 -1.65189 -0.0124956 0.998433 -0.0545563 -1.41052 0.0266847 0.0548741 0.998137 84.8232
0.999427 0.0127193 -0.0313583 -1.59148 -0.0142882 0.998631 -0.0503258 -1.55373 0.0306753 0.050745 0.99824 85.7453
0.999469 0.0142053 -0.0293328 -1.68585 -0.0156239 0.998691 -0.0487143 -1.61006 0.0286024 0.0491467 0.998382 86.7452
0.999466 0.0160399 -0.028457 -1.74557 -0.0173532 0.998767 -0.0465199 -1.67676 0.0276758 0.0469889 0.998512 87.6707
0.999439 0.0176089 -0.0285013 -1.80296 -0.0189496 0.998693 -0.0474743 -1.68905 0.0276281 0.0479878 0.998466 88.6231
0.999451 0.0183933 -0.0275696 -1.88021 -0.0197387 0.998586 -0.0493515 -1.71202 0.0266229 0.0498686 0.998401 89.6004
0.99933 0.0191244 -0.0311971 -1.83408 -0.0206331 0.998596 -0.0487785 -1.78338 0.0302204 0.0493895 0.998322 90.5155
0.999319 0.0187776 -0.0317739 -1.86665 -0.020457 0.998365 -0.0533816 -1.77695 0.0307196 0.0539952 0.998069 91.5055
0.999244 0.0204141 -0.0330771 -1.87037 -0.0220616 0.998494 -0.0502336 -1.93868 0.0320018 0.0509253 0.99819 92.4824
0.999162 0.0204723 -0.0354463 -1.8435 -0.0223031 0.998395 -0.0520495 -1.98338 0.0343238 0.0527965 0.998015 93.463
0.999139 0.0220069 -0.035182 -1.89059 -0.0238029 0.998391 -0.0514717 -2.07426 0.0339926 0.0522648 0.998055 94.4467
0.999154 0.0243874 -0.0331213 -1.95851 -0.0259829 0.998479 -0.0486292 -2.18444 0.031885 0.0494486 0.998268 95.4765
0.999103 0.0260606 -0.0333705 -1.9851 -0.0276422 0.998472 -0.0478457 -2.2322 0.0320726 0.0487252 0.998297 96.5042
0.999041 0.02928 -0.0325658 -2.04666 -0.0307636 0.998466 -0.0460291 -2.2892 0.0311681 0.0469868 0.998409 97.4736
0.998867 0.0337436 -0.0335599 -2.06458 -0.035285 0.998297 -0.0464529 -2.34287 0.0319352 0.0475844 0.998357 98.4863
0.998864 0.0367663 -0.0303276 -2.16616 -0.0380597 0.99834 -0.0432345 -2.44029 0.0286876 0.0443397 0.998605 99.4467
0.999034 0.0348582 -0.0267604 -2.25449 -0.03595 0.998493 -0.0414665 -2.47618 0.0252746 0.0423884 0.998781 100.434
0.998952 0.037777 -0.0258316 -2.30617 -0.0387799 0.998467 -0.0394935 -2.49325 0.0243001 0.0404539 0.998886 101.473
0.999023 0.034826 -0.0272102 -2.29897 -0.0357263 0.998806 -0.0333313 -2.5765 0.0260169 0.0342708 0.999074 102.533
0.999146 0.0302993 -0.0280867 -2.31858 -0.0311032 0.999106 -0.0286404 -2.62256 0.0271938 0.0294895 0.999195 103.574
0.999187 0.0304558 -0.0263992 -2.39162 -0.0311395 0.99918 -0.0258866 -2.67053 0.0255892 0.0266876 0.999316 104.613
0.99916 0.0292501 -0.0287039 -2.39817 -0.0300866 0.999122 -0.0291543 -2.67965 0.0278259 0.0299934 0.999163 105.659
0.99918 0.026589 -0.0305247 -2.41991 -0.0274915 0.999186 -0.0295383 -2.73865 0.0297145 0.0303532 0.999097 106.724
0.999189 0.0234509 -0.032733 -2.44013 -0.0244176 0.999268 -0.0294547 -2.78226 0.0320183 0.0302301 0.99903 107.794
0.999206 0.0210368 -0.0338322 -2.47109 -0.0220133 0.999344 -0.0287543 -2.82277 0.0332051 0.0294763 0.999014 108.872
0.999158 0.0181534 -0.0368029 -2.46406 -0.0192093 0.999408 -0.0285434 -2.85729 0.036263 0.0292263 0.998915 109.961
0.99919 0.0139613 -0.0377464 -2.50548 -0.0149407 0.999556 -0.025788 -2.89017 0.0373696 0.0263311 0.998955 111.034
0.999151 0.0120337 -0.0393909 -2.53438 -0.0130189 0.999606 -0.0248524 -2.91512 0.0390763 0.0253441 0.998915 112.117
0.999209 0.00933579 -0.0386567 -2.5965 -0.010376 0.999587 -0.0267968 -2.94697 0.0383906 0.0271767 0.998893 113.155
0.998971 0.00864385 -0.0445209 -2.56026 -0.0101245 0.999399 -0.0331403 -2.94602 0.0442077 0.0335569 0.998459 114.32
0.999092 0.00684355 -0.0420625 -2.6454 -0.00809771 0.999525 -0.0297189 -3.04455 0.0418391 0.0300326 0.998673 115.311
0.999154 0.00888013 -0.0401573 -2.70438 -0.010147 0.999454 -0.031454 -3.08024 0.0398561 0.0318349 0.998698 116.357
0.999285 0.0123533 -0.0357417 -2.79402 -0.0134911 0.999404 -0.0317681 -3.1358 0.0353279 0.0322276 0.998856 117.379
0.999266 0.0143784 -0.0355016 -2.81492 -0.0155723 0.999315 -0.0335833 -3.16663 0.0349944 0.0341115 0.998805 118.441
0.999344 0.0134013 -0.0336394 -2.87442 -0.0144555 0.999406 -0.0312925 -3.21396 0.0332 0.0317582 0.998944 119.449
0.999431 0.01461 -0.0303916 -2.93728 -0.0155829 0.999366 -0.0320255 -3.22007 0.0299044 0.0324808 0.999025 120.493
0.999301 0.0129329 -0.0350717 -2.89132 -0.0141136 0.999335 -0.0336281 -3.2389 0.0346135 0.0340996 0.998819 121.577
0.999364 0.0112575 -0.0338342 -2.94672 -0.0125457 0.999195 -0.0381063 -3.25878 0.033378 0.0385065 0.998701 122.634
0.999343 0.0122167 -0.0341346 -2.95193 -0.013541 0.999154 -0.0388388 -3.35652 0.0336313 0.0392755 0.998662 123.632
0.999308 0.0130166 -0.0348345 -2.97214 -0.014363 0.999148 -0.0386845 -3.4477 0.0343013 0.0391581 0.998644 124.667
0.999357 0.0114516 -0.0339754 -3.02548 -0.0127368 0.999202 -0.0378551 -3.51969 0.0335148 0.0382635 0.998705 125.718
0.999445 0.0105712 -0.0315983 -3.13446 -0.0117321 0.999254 -0.0367818 -3.57228 0.0311859 0.0371321 0.998824 126.766
0.999444 0.0100758 -0.0317744 -3.17452 -0.0112433 0.99926 -0.0367843 -3.61513 0.0313802 0.0371211 0.998818 127.795
0.999452 0.00875638 -0.0319119 -3.21585 -0.00996527 0.999231 -0.037922 -3.66022 0.0315553 0.0382192 0.998771 128.838
0.999385 0.0039755 -0.0348419 -3.19064 -0.00545864 0.999078 -0.0425765 -3.65327 0.0346405 0.0427405 0.998485 129.857
0.999354 0.00756817 -0.0351411 -3.22406 -0.00905762 0.999059 -0.0424211 -3.69827 0.034787 0.0427119 0.998482 130.906
0.999267 0.00867632 -0.0372814 -3.22816 -0.0102296 0.999079 -0.041678 -3.74376 0.0368854 0.0420288 0.998435 131.916
0.999217 0.0113919 -0.0378848 -3.26452 -0.0128939 0.999131 -0.0396429 -3.79473 0.0374003 0.0401004 0.998495 132.931
0.999233 0.015143 -0.036113 -3.35151 -0.0165375 0.999117 -0.038634 -3.82939 0.0354961 0.0392016 0.998601 133.957
0.999166 0.0170845 -0.0370777 -3.3736 -0.0184893 0.999111 -0.03788 -3.88059 0.0363976 0.0385339 0.998594 135.005
0.99902 0.0215588 -0.0386488 -3.36953 -0.0231465 0.998886 -0.041114 -3.87358 0.0377194 0.0419683 0.998407 136.037
0.998961 0.023982 -0.0387612 -3.41673 -0.0256342 0.998759 -0.0427078 -3.91399 0.0376889 0.043657 0.998335 137.035
0.99881 0.0306733 -0.0379239 -3.49334 -0.0323617 0.998474 -0.0447372 -3.96756 0.0364939 0.0459112 0.998279 138.021
0.998828 0.0324806 -0.0358967 -3.58619 -0.0340938 0.998392 -0.0452824 -4.07188 0.0343681 0.0464532 0.998329 139.007
0.998766 0.0345557 -0.0356826 -3.64093 -0.0362683 0.998164 -0.0485175 -4.13204 0.0339405 0.0497517 0.998185 140.017
0.998675 0.0382562 -0.0344297 -3.70945 -0.0398499 0.998106 -0.0468592 -4.18223 0.0325718 0.0481691 0.998308 140.989
0.998697 0.0362184 -0.0359489 -3.7341 -0.0376678 0.99847 -0.0404929 -4.26067 0.0344273 0.0417942 0.998533 141.954
0.998721 0.0336464 -0.0377414 -3.75258 -0.035114 0.998625 -0.038922 -4.30856 0.03638 0.0401975 0.998529 142.924
0.998771 0.0315718 -0.0382091 -3.79364 -0.0330818 0.99867 -0.0395539 -4.36314 0.0369095 0.0407693 0.998487 143.86
0.998737 0.02788 -0.0417886 -3.80136 -0.0296858 0.998624 -0.0432335 -4.39243 0.0405258 0.0444195 0.998191 144.787
0.99878 0.0266269 -0.0415897 -3.84541 -0.0283978 0.998689 -0.0425859 -4.45287 0.0404012 0.043715 0.998227 145.703
0.998827 0.0252986 -0.0412951 -3.89288 -0.027109 0.998669 -0.0438863 -4.50012 0.0401299 0.0449543 0.998183 146.628
0.998776 0.0249621 -0.0427062 -3.92 -0.0268061 0.998708 -0.0431652 -4.58926 0.0415735 0.0442571 0.998155 147.545
0.998757 0.0244113 -0.0434468 -3.95747 -0.0263262 0.998682 -0.0440622 -4.63867 0.0423139 0.0451512 0.998084 148.441
0.998748 0.0252338 -0.0431832 -3.99882 -0.0270056 0.998796 -0.0409491 -4.71436 0.0420979 0.0420641 0.998228 149.322
0.998911 0.0243432 -0.0398095 -4.09972 -0.0258124 0.998989 -0.0368171 -4.78098 0.038873 0.0378046 0.998529 150.148
0.998847 0.0254836 -0.0406882 -4.13053 -0.0269519 0.99899 -0.0359538 -4.82019 0.0397309 0.037009 0.998525 151.017
0.998906 0.0242346 -0.0399994 -4.17597 -0.0256097 0.999086 -0.0342301 -4.86842 0.0391333 0.035217 0.998613 151.866
0.998958 0.0204686 -0.0407804 -4.21273 -0.0219575 0.999096 -0.0364052 -4.90301 0.0399984 0.0372627 0.998505 152.689
0.998908 0.023716 -0.0402541 -4.25232 -0.0252305 0.998977 -0.0375414 -4.93512 0.0393226 0.038516 0.998484 153.535
0.998885 0.0221195 -0.0417 -4.26727 -0.0238249 0.998881 -0.0408537 -4.96338 0.0407497 0.0418017 0.998295 154.343
0.998817 0.0203341 -0.0441741 -4.29289 -0.0221747 0.998889 -0.0415853 -5.01611 0.0432794 0.0425156 0.998158 155.111
0.99878 0.0235898 -0.0433826 -4.35292 -0.02555 0.998651 -0.0452006 -5.03982 0.0422579 0.0462539 0.998035 155.853
0.9986 0.0259361 -0.0461045 -4.3829 -0.0280682 0.998537 -0.0462164 -5.0796 0.0448384 0.0474458 0.997867 156.59
0.998439 0.0269915 -0.0489057 -4.4207 -0.0294042 0.998351 -0.0493056 -5.12425 0.0474942 0.0506666 0.997586 157.308
0.998267 0.0296553 -0.0508261 -4.46115 -0.0324122 0.997998 -0.0543041 -5.1433 0.0491139 0.0558574 0.99723 157.964
0.998198 0.0279039 -0.0531167 -4.48931 -0.0309417 0.99788 -0.0572557 -5.19412 0.0514064 0.0587961 0.996946 158.618
0.997991 0.0313932 -0.0550267 -4.52843 -0.0346361 0.997657 -0.0590054 -5.24478 0.0530454 0.0607927 0.99674 159.254
0.998002 0.0333305 -0.0536819 -4.63011 -0.0365609 0.997507 -0.0603636 -5.27612 0.0515361 0.0622056 0.996732 159.756
0.997852 0.0368842 -0.05414 -4.66893 -0.0401288 0.997384 -0.0601196 -5.30675 0.051781 0.0621631 0.996722 160.36
0.997885 0.0344018 -0.0551629 -4.67287 -0.0375285 0.997687 -0.0566839 -5.37283 0.0530852 0.0586341 0.996867 160.966
0.998016 0.0337417 -0.0531522 -4.7032 -0.0367718 0.997691 -0.0571013 -5.42203 0.0511028 0.0589425 0.996953 161.532
0.998196 0.0343892 -0.0492146 -4.75112 -0.0373285 0.997494 -0.0601079 -5.43427 0.0470242 0.0618366 0.996978 162.039
0.998338 0.0360185 -0.0449943 -4.75873 -0.0388031 0.997282 -0.0626304 -5.46855 0.0426162 0.0642722 0.997022 162.581
0.99869 0.0364484 -0.0359046 -4.82907 -0.0387365 0.997117 -0.0652399 -5.52099 0.0334232 0.0665453 0.997223 163.015
0.998914 0.0368531 -0.0285116 -4.83791 -0.0387761 0.996784 -0.0701247 -5.5471 0.0258356 0.0711542 0.997131 163.531
0.999071 0.0384772 -0.0194008 -4.84676 -0.0397975 0.996536 -0.0730166 -5.57045 0.0165241 0.0737209 0.997142 163.997
0.999204 0.0388657 -0.00893876 -4.85887 -0.0394174 0.996531 -0.0732952 -5.60764 0.00605908 0.0735892 0.99727 164.444
0.999273 0.0380964 0.00176347 -4.85261 -0.0378682 0.996645 -0.0725586 -5.64867 -0.00452178 0.0724391 0.997363 164.896
0.999144 0.0388102 0.0142874 -4.84802 -0.0376627 0.996597 -0.0733227 -5.69825 -0.0170844 0.0727218 0.997206 165.28
0.998714 0.0424752 0.0276909 -4.8547 -0.040249 0.996255 -0.0765211 -5.73051 -0.0308374 0.0753082 0.996683 165.676
0.998162 0.0441304 0.0415408 -4.83698 -0.0408164 0.996156 -0.0775 -5.76764 -0.0448012 0.075662 0.996127 166.057
0.997351 0.0456743 0.0566168 -4.81642 -0.041263 0.996194 -0.0767763 -5.80892 -0.059908 0.0742367 0.99544 166.454
0.996275 0.0468338 0.0724043 -4.77742 -0.0411611 0.996107 -0.0779472 -5.82394 -0.075773 0.0746766 0.994325 166.811
0.994985 0.0474712 0.0880384 -4.73146 -0.0406099 0.996114 -0.0781531 -5.8732 -0.0914063 0.0741859 0.993046 167.149
0.993297 0.0482464 0.105038 -4.68611 -0.0397848 0.995902 -0.0812137 -5.90487 -0.108526 0.0764904 0.991146 167.484
0.9912 0.0481711 0.123295 -4.63755 -0.0381891 0.995894 -0.0820817 -5.9549 -0.126743 0.0766509 0.98897 167.813
0.988361 0.0495287 0.143839 -4.59546 -0.0376623 0.995747 -0.0840812 -5.96712 -0.147392 0.0776853 0.986023 168.16
0.985082 0.050484 0.164517 -4.52534 -0.0371683 0.995853 -0.0830365 -6.0075 -0.168027 0.0756829 0.982873 168.492
0.981146 0.0503966 0.186582 -4.44 -0.0354821 0.995965 -0.0824307 -6.04378 -0.189984 0.0742562 0.978975 168.807
0.976249 0.0501678 0.210762 -4.38003 -0.0337091 0.996146 -0.0809727 -6.08964 -0.214012 0.071945 0.974178 169.076
0.970875 0.051383 0.234012 -4.26899 -0.0332437 0.996175 -0.0808119 -6.15118 -0.237269 0.0706788 0.968869 169.356
0.964286 0.0529241 0.259522 -4.17136 -0.0328644 0.996169 -0.0810361 -6.2085 -0.262817 0.0696129 0.962331 169.608
0.956759 0.0563764 0.285367 -4.04164 -0.0342903 0.996058 -0.0818126 -6.25518 -0.288854 0.0684896 0.95492 169.916
0.948024 0.0581614 0.312839 -3.91939 -0.0329749 0.995817 -0.0852103 -6.27456 -0.316487 0.0704655 0.945976 170.197
0.937567 0.0600781 0.342578 -3.788 -0.0310461 0.995493 -0.0896134 -6.26397 -0.346417 0.0733828 0.935206 170.538
0.925351 0.0576356 0.374706 -3.67427 -0.0245871 0.995419 -0.0923922 -6.28832 -0.378315 0.0762823 0.922529 170.846
0.911983 0.0555836 0.406445 -3.5234 -0.0180007 0.995246 -0.0957154 -6.31114 -0.409833 0.0799746 0.908648 171.183
0.896811 0.0557705 0.438885 -3.3697 -0.0134679 0.995004 -0.098918 -6.33039 -0.44221 0.0827999 0.893082 171.497
0.885075 0.0555154 0.462126 -3.11337 -0.0101677 0.994931 -0.100048 -6.38956 -0.465338 0.0838512 0.881153 171.686
0.867994 0.0571952 0.493269 -2.92064 -0.00666203 0.994597 -0.103602 -6.40694 -0.496529 0.0866395 0.863685 171.982
0.849397 0.0583961 0.524514 -2.72168 -0.00460703 0.994642 -0.103277 -6.4572 -0.527734 0.0853065 0.845115 172.261
0.829233 0.0594934 0.555727 -2.51124 -0.00252589 0.994707 -0.102719 -6.50509 -0.558897 0.0837746 0.824995 172.562
0.806287 0.0592056 0.588554 -2.31164 0.00220538 0.994671 -0.10308 -6.55499 -0.591521 0.0844101 0.801859 172.9
0.786877 0.0583186 0.614348 -2.02456 0.00461458 0.994941 -0.100358 -6.64811 -0.617093 0.0818042 0.782627 173.141
0.764611 0.0576739 0.641906 -1.75106 0.0099257 0.994816 -0.101205 -6.69555 -0.644416 0.083754 0.760075 173.408
0.740515 0.0553809 0.669755 -1.47985 0.0176437 0.994653 -0.101754 -6.7406 -0.671809 0.0871672 0.735578 173.673
0.717173 0.0550785 0.694715 -1.14912 0.0233201 0.994417 -0.102913 -6.77128 -0.696505 0.0900076 0.711885 173.943
0.690253 0.056924 0.721326 -0.853414 0.024481 0.994493 -0.101908 -6.81134 -0.723154 0.0880008 0.685057 174.214
0.663581 0.0557338 0.746026 -0.48616 0.0265279 0.994841 -0.0979185 -6.87681 -0.747634 0.0847674 0.658679 174.5
0.635967 0.0543026 0.769804 -0.120675 0.0288928 0.995146 -0.094068 -6.94589 -0.771176 0.0820659 0.631311 174.766
0.606407 0.0534818 0.793354 0.282229 0.0318604 0.9953 -0.0914483 -6.9969 -0.794516 0.0807315 0.601853 175.08
0.578959 0.0520585 0.813693 0.699202 0.0347725 0.995475 -0.0884299 -7.06507 -0.814615 0.0794915 0.574529 175.345
0.550614 0.0531727 0.833065 1.13263 0.0372778 0.995407 -0.0881734 -7.10341 -0.833927 0.0796043 0.546103 175.602
0.521919 0.0576311 0.851046 1.58031 0.034334 0.995487 -0.0884683 -7.16262 -0.852304 0.0753931 0.517585 175.86
0.493312 0.0618909 0.867648 2.05047 0.0330426 0.995412 -0.0897913 -7.20329 -0.869225 0.0729644 0.489004 176.125
0.465153 0.0615362 0.883089 2.54439 0.0351963 0.995507 -0.087909 -7.26049 -0.88453 0.0719726 0.460897 176.371
0.436008 0.0582745 0.898054 3.07007 0.0372316 0.995879 -0.0826983 -7.33765 -0.899172 0.0694931 0.432041 176.621
0.408151 0.0591708 0.910995 3.62197 0.0377598 0.995949 -0.0816061 -7.35798 -0.912133 0.0677066 0.404264 176.856
0.379944 0.0617825 0.922944 4.2247 0.0317645 0.996307 -0.0797698 -7.38126 -0.924464 0.0596249 0.376579 177.08
0.352133 0.0594721 0.934059 4.80339 0.0318816 0.996638 -0.0754757 -7.44466 -0.935407 0.0563568 0.349053 177.282
0.323576 0.0605185 0.944265 5.43994 0.029824 0.996804 -0.0741057 -7.48679 -0.945732 0.0521406 0.320737 177.518
0.296657 0.0604403 0.95307 6.05607 0.0302236 0.996901 -0.0726275 -7.54353 -0.954506 0.0503507 0.293911 177.692
0.270464 0.0671761 0.960384 6.70868 0.0275861 0.996612 -0.077479 -7.55898 -0.962335 0.0474485 0.267694 177.862
0.245256 0.0720325 0.966779 7.36533 0.0282978 0.996279 -0.0814092 -7.60171 -0.969045 0.0473237 0.242305 178.058
0.223583 0.0771338 0.971628 8.03423 0.0281692 0.995936 -0.0855455 -7.63113 -0.974278 0.0464965 0.220501 178.214
0.205108 0.080767 0.975401 8.72897 0.0296174 0.995621 -0.0886692 -7.66047 -0.978291 0.0470756 0.201817 178.353
0.189055 0.078108 0.978855 9.41019 0.0325144 0.995787 -0.0857389 -7.7387 -0.981428 0.0480363 0.185719 178.495
0.174147 0.0755035 0.981821 10.1184 0.0334091 0.996029 -0.082522 -7.80737 -0.984153 0.0471727 0.170933 178.623
0.162888 0.0697217 0.984178 10.82 0.038522 0.99629 -0.0769554 -7.8805 -0.985892 0.0504476 0.159598 178.734
0.151522 0.067193 0.986167 11.5826 0.0384065 0.996533 -0.0738003 -7.93824 -0.987708 0.0490575 0.148416 178.836
0.138607 0.0686439 0.987966 12.3086 0.0359852 0.996587 -0.0742915 -7.9997 -0.989693 0.0458494 0.135664 178.965
0.127664 0.0724188 0.98917 13.0629 0.0352677 0.996369 -0.0774976 -8.07065 -0.99119 0.0447795 0.124647 179.084
0.120377 0.0764687 0.989779 13.886 0.0357341 0.996049 -0.0812991 -8.14287 -0.992085 0.0451554 0.117169 179.143
0.109258 0.0754272 0.991148 14.6439 0.0397573 0.995987 -0.0801781 -8.24331 -0.993218 0.0481655 0.105821 179.242
0.0943567 0.0737267 0.992805 15.4176 0.0353565 0.996377 -0.0773523 -8.32197 -0.99491 0.0424008 0.0914081 179.358
0.0868878 0.0726564 0.993565 16.3105 0.0360755 0.996453 -0.0760224 -8.39115 -0.995565 0.0424488 0.0839585 179.378
0.0755161 0.071579 0.994572 17.1697 0.0389728 0.996446 -0.074673 -8.47046 -0.996383 0.0444002 0.0724581 179.45
0.0629454 0.070252 0.995541 18.0264 0.044854 0.996312 -0.0731424 -8.55161 -0.997009 0.049258 0.0595622 179.511
0.0518093 0.0682144 0.996325 18.8882 0.0440096 0.996539 -0.0705177 -8.61091 -0.997687 0.0475013 0.0486279 179.538
0.0385308 0.0632451 0.997254 19.7346 0.0480478 0.996723 -0.0650679 -8.68037 -0.998102 0.050423 0.0353657 179.587
0.0278473 0.0625537 0.997653 20.6214 0.0503403 0.996686 -0.0638982 -8.72815 -0.998344 0.0520015 0.024606 179.617
0.0197505 0.0644046 0.997728 21.5031 0.0521745 0.996497 -0.065358 -8.78478 -0.998443 0.0533468 0.016321 179.607
0.011669 0.0695168 0.997513 22.408 0.0566273 0.995934 -0.0700692 -8.83797 -0.998327 0.0573041 0.00768504 179.613
0.00656508 0.0745783 0.997194 23.2908 0.0602698 0.995373 -0.0748389 -8.87256 -0.998161 0.060592 0.00203989 179.582
0.00125303 0.0766044 0.997061 24.2086 0.0648518 0.994956 -0.0765243 -8.95213 -0.997894 0.0647571 -0.00372122 179.595
-0.00364269 0.0724631 0.997364 25.1144 0.0648245 0.99529 -0.0720756 -9.06305 -0.99789 0.0643911 -0.00832292 179.62
-0.00744352 0.067591 0.997685 26.0188 0.0670874 0.995499 -0.0669424 -9.17076 -0.997719 0.0664338 -0.0119445 179.625
-0.00941324 0.0662151 0.997761 26.9719 0.068057 0.995534 -0.0654252 -9.23732 -0.997637 0.0672887 -0.0138776 179.599
-0.0102721 0.0657718 0.997782 27.8746 0.0700841 0.995428 -0.0648952 -9.30071 -0.997488 0.0692621 -0.0148347 179.55
-0.00897804 0.0657178 0.997798 28.7547 0.0722346 0.995274 -0.0649016 -9.38985 -0.997347 0.0714929 -0.0136827 179.518
-0.00704729 0.0675796 0.997689 29.7675 0.0719607 0.995161 -0.0669 -9.42073 -0.997383 0.0713229 -0.0118763 179.447
-0.00534663 0.0677169 0.99769 30.7234 0.074024 0.994994 -0.0671372 -9.48734 -0.997242 0.073494 -0.0103325 179.438
-0.00473671 0.0669351 0.997746 31.6537 0.0762623 0.994876 -0.0663805 -9.58059 -0.997077 0.075776 -0.00981706 179.442
-0.00179856 0.0668011 0.997765 32.5908 0.0761838 0.994876 -0.0664703 -9.65997 -0.997092 0.075894 -0.0068785 179.429
0.00265359 0.0646767 0.997903 33.5169 0.0760043 0.995007 -0.0646911 -9.76637 -0.997104 0.0760166 -0.00227537 179.379
0.00694208 0.0626976 0.998008 34.5182 0.0761362 0.995102 -0.0630446 -9.8541 -0.997073 0.0764222 0.00213452 179.361
0.0103469 0.0611143 0.998077 35.4889 0.075271 0.995251 -0.0617216 -9.92887 -0.997109 0.0757649 0.00569759 179.373
0.0148713 0.0605857 0.998052 36.4752 0.0751724 0.99527 -0.061537 -9.99512 -0.99706 0.0759412 0.0102466 179.391
0.0169977 0.0597598 0.998068 37.4306 0.0739986 0.9954 -0.0608602 -10.1142 -0.997113 0.0748901 0.0124974 179.446
0.0228415 0.0613741 0.997853 38.3857 0.0752759 0.995175 -0.0629325 -10.1758 -0.996901 0.0765518 0.0181113 179.443
0.0284057 0.065825 0.997427 39.4088 0.0775856 0.994674 -0.0678529 -10.1997 -0.996581 0.0793134 0.0231473 179.458
0.0319452 0.0622916 0.997547 40.4073 0.0746569 0.995119 -0.0645309 -10.3411 -0.996697 0.0765352 0.0271388 179.543
0.036731 0.0561862 0.997744 41.4037 0.0746007 0.995478 -0.0588049 -10.4463 -0.996537 0.0765924 0.0323734 179.6
0.0423006 0.0563955 0.997512 42.4335 0.0744414 0.995453 -0.0594359 -10.442 -0.996328 0.0767704 0.03791 179.678
0.0482241 0.059308 0.997074 43.4248 0.0729848 0.995358 -0.0627358 -10.5167 -0.996166 0.0757967 0.0436717 179.744
0.0548919 0.0664639 0.996278 44.4497 0.0704233 0.99504 -0.0702614 -10.5914 -0.996006 0.0740179 0.049939 179.805
0.0606144 0.0728399 0.9955 45.4944 0.0713436 0.994467 -0.0771083 -10.6626 -0.995608 0.0756964 0.0550823 179.89
0.070695 0.0747815 0.994691 46.5507 0.0715601 0.994236 -0.0798333 -10.7434 -0.994928 0.076824 0.0649362 179.904
0.0760942 0.0718977 0.994505 47.6361 0.0711688 0.994461 -0.07734 -10.8361 -0.994558 0.0766629 0.0705558 180.017
0.0831377 0.0691118 0.994139 48.7227 0.0719357 0.994574 -0.0751579 -10.9226 -0.993938 0.0777625 0.0777149 180.113
0.0896173 0.0707413 0.993461 49.7926 0.0722096 0.994388 -0.0773211 -11.0014 -0.993355 0.0786667 0.0840062 180.222
0.0954924 0.0732647 0.99273 50.8681 0.0714408 0.994212 -0.080246 -11.0803 -0.992863 0.0785843 0.0897056 180.329
0.1 0.074191 0.992218 51.9317 0.0697588 0.994239 -0.0813728 -11.1877 -0.992539 0.0773532 0.0942488 180.467
0.105078 0.0734438 0.991748 53.0279 0.0700684 0.994244 -0.0810526 -11.292 -0.991992 0.0780071 0.0993275 180.57
0.109544 0.0724152 0.991341 54.1439 0.0699442 0.994309 -0.0803609 -11.3864 -0.991518 0.0781416 0.103856 180.689
0.113855 0.0731358 0.990802 55.2806 0.0686936 0.99432 -0.0812893 -11.4523 -0.99112 0.077317 0.108185 180.806
0.118216 0.0717291 0.990394 56.3926 0.0694014 0.994352 -0.0802997 -11.5394 -0.99056 0.0782275 0.11257 180.918
0.118703 0.0707525 0.990406 57.4724 0.0677943 0.994553 -0.0791741 -11.6437 -0.990613 0.076542 0.11326 181.099
0.121303 0.0688273 0.990226 58.595 0.0667785 0.994767 -0.0773233 -11.7588 -0.990367 0.0755054 0.116072 181.234
0.12322 0.0642027 0.9903 59.6849 0.0644532 0.99528 -0.0725453 -11.8769 -0.990284 0.0727671 0.1185 181.35
0.122123 0.0638287 0.99046 60.8312 0.0633194 0.995396 -0.071954 -11.9955 -0.990493 0.0715027 0.11752 181.525
0.118545 0.069106 0.990541 61.9871 0.0598897 0.995261 -0.0766028 -12.1278 -0.991141 0.0684041 0.113845 181.766
0.121227 0.0701813 0.990141 63.1383 0.0652265 0.994778 -0.078496 -12.2314 -0.990479 0.0740992 0.116016 181.884
0.121882 0.0676418 0.990237 64.2837 0.0681085 0.994753 -0.0763334 -12.3573 -0.990205 0.0767472 0.116636 182.033
0.124338 0.0674131 0.989947 65.4428 0.0656345 0.994945 -0.0759972 -12.4398 -0.990067 0.0744241 0.119285 182.158
0.127131 0.069817 0.989426 66.6187 0.0688059 0.994496 -0.0790157 -12.5283 -0.989497 0.0781237 0.121628 182.28
0.127798 0.0679171 0.989472 67.7787 0.0707531 0.994486 -0.0773996 -12.6463 -0.989273 0.0798997 0.122288 182.427
0.125769 0.0719874 0.989444 68.9566 0.06925 0.994294 -0.0811426 -12.7119 -0.98964 0.0787242 0.120066 182.663
0.13373 0.0722083 0.988384 70.1064 0.0698695 0.994173 -0.0820848 -12.8097 -0.988552 0.080035 0.127906 182.706
0.132677 0.0686367 0.98878 71.2453 0.0719054 0.994304 -0.0786686 -12.9306 -0.988548 0.0815361 0.126986 182.882
0.13061 0.0679408 0.989103 72.4643 0.0839331 0.99331 -0.079313 -12.9189 -0.987875 0.0933775 0.124034 183.144
0.129685 0.0610242 0.989676 73.625 0.081632 0.994059 -0.0719914 -13.104 -0.988189 0.0901255 0.123933 183.313
0.129001 0.0570555 0.990002 74.7295 0.08501 0.994032 -0.068365 -13.2336 -0.987994 0.0929792 0.123381 183.467
0.129822 0.0644644 0.98944 75.884 0.0828758 0.993687 -0.0756151 -13.3276 -0.988068 0.0918171 0.12366 183.626
0.132811 0.0721037 0.988515 77.035 0.0835426 0.992987 -0.0836541 -13.4071 -0.987614 0.0936933 0.125855 183.746
0.138991 0.0717265 0.987693 78.2228 0.0798722 0.993312 -0.0833744 -13.5412 -0.987067 0.0904774 0.132332 183.812
0.146578 0.066171 0.986983 79.4213 0.0821923 0.993495 -0.0788141 -13.6411 -0.985779 0.0926748 0.140186 183.906
0.14899 0.0630129 0.986829 80.6042 0.081556 0.993784 -0.0757703 -13.7595 -0.98547 0.0917709 0.142925 184.08
0.150812 0.0619124 0.986622 81.7402 0.0815253 0.993858 -0.0748283 -13.8636 -0.985195 0.0917197 0.144839 184.235
0.153355 0.0629439 0.986164 82.9282 0.0810499 0.993806 -0.0760354 -13.938 -0.984842 0.091589 0.147304 184.413
0.155511 0.0637963 0.985772 84.1142 0.0797798 0.993842 -0.0769042 -14.0554 -0.984607 0.0906041 0.149463 184.595
0.157404 0.065269 0.985375 85.3235 0.0783058 0.993847 -0.0783387 -14.1447 -0.984425 0.0894914 0.151324 184.802
0.158995 0.0649374 0.985142 86.5308 0.0758029 0.994086 -0.077761 -14.2483 -0.984365 0.0870401 0.153132 185.012
0.161067 0.0640065 0.984866 87.7069 0.0762998 0.994101 -0.077085 -14.3456 -0.98399 0.0875609 0.155233 185.213
0.165883 0.0646624 0.984023 88.9186 0.0752678 0.994107 -0.0780135 -14.4536 -0.983269 0.0870064 0.160039 185.368
0.169679 0.0663976 0.98326 90.1219 0.0758787 0.993886 -0.0802093 -14.5714 -0.982574 0.0882183 0.163603 185.549
0.171951 0.0673486 0.982801 91.3511 0.071862 0.994145 -0.0806989 -14.6995 -0.982481 0.0845022 0.166104 185.763
0.175557 0.0639075 0.982393 92.5594 0.0703069 0.994529 -0.0772611 -14.8144 -0.981955 0.0826328 0.170104 185.949
0.177063 0.0628193 0.982193 93.7766 0.0703188 0.994603 -0.0762896 -14.9134 -0.981684 0.0825747 0.17169 186.192
0.179694 0.0661181 0.981498 94.9394 0.0672649 0.994578 -0.0793141 -14.9898 -0.98142 0.0802726 0.174272 186.413
0.181998 0.0670748 0.981008 96.104 0.0679822 0.994425 -0.0806043 -15.1515 -0.980946 0.0813609 0.176424 186.625
0.186323 0.0710025 0.97992 97.2718 0.0678203 0.994077 -0.0849237 -15.2322 -0.980145 0.0822816 0.180404 186.803
0.188871 0.0701026 0.979497 98.4728 0.0653166 0.994343 -0.0837598 -15.3558 -0.979827 0.0797972 0.183223 187.025
0.189348 0.0682633 0.979534 99.6538 0.0643975 0.994569 -0.0817594 -15.4944 -0.979796 0.0785605 0.183924 187.282
0.191418 0.0676129 0.979177 100.831 0.0649726 0.994563 -0.0813767 -15.6012 -0.979356 0.0791967 0.185984 187.511
0.192566 0.064711 0.979148 102 0.0681322 0.994534 -0.0791271 -15.7632 -0.978916 0.0819487 0.187105 187.766
0.193607 0.0633989 0.979029 103.187 0.0702409 0.994453 -0.0782882 -15.8718 -0.978562 0.083925 0.18808 188.012
0.196767 0.0598262 0.978623 104.387 0.0741347 0.994371 -0.0756949 -15.9943 -0.977643 0.0874442 0.191225 188.225
0.197849 0.067117 0.977932 105.539 0.0711244 0.994041 -0.0826119 -16.0486 -0.977649 0.0858995 0.191896 188.471
0.199335 0.0685837 0.977528 106.7 0.0712104 0.993897 -0.0842531 -16.1743 -0.977341 0.0864047 0.193234 188.698
0.199581 0.0683445 0.977495 107.896 0.0737938 0.993684 -0.0845433 -16.2607 -0.977099 0.0890063 0.193277 188.982
0.199305 0.0672875 0.977625 109.068 0.0700221 0.994112 -0.0826975 -16.4036 -0.977433 0.0849374 0.19342 189.231
0.204055 0.0672301 0.976648 110.308 0.0673256 0.994313 -0.0825128 -16.5234 -0.976642 0.0825906 0.198368 189.428
0.20428 0.0680447 0.976545 111.445 0.0665606 0.994307 -0.0832059 -16.6324 -0.976647 0.0819967 0.198587 189.684
0.205549 0.0683677 0.976256 112.598 0.0645976 0.994434 -0.0832416 -16.7585 -0.976513 0.080174 0.199988 189.92
0.20521 0.0682963 0.976332 113.751 0.0639584 0.994494 -0.0830098 -16.8823 -0.976626 0.0794791 0.199712 190.166
0.206847 0.0686395 0.975963 114.9 0.0644893 0.99441 -0.0836049 -17.0085 -0.976246 0.0802326 0.201264 190.387
0.209249 0.0697881 0.975369 116.068 0.0663845 0.994135 -0.0853725 -17.1152 -0.975606 0.0826135 0.203389 190.617
0.214213 0.0696583 0.9743 117.288 0.0681852 0.993954 -0.086055 -17.2324 -0.974404 0.0848669 0.208169 190.839
0.215565 0.0721678 0.973819 118.443 0.0655435 0.993947 -0.0881682 -17.3137 -0.974287 0.0828335 0.20953 191.075
0.217348 0.0698204 0.973594 119.547 0.0681947 0.993915 -0.0865017 -17.4417 -0.973709 0.0851949 0.211264 191.302
0.220173 0.0699066 0.972953 120.717 0.0686564 0.993845 -0.0869442 -17.5579 -0.973042 0.0859422 0.214018 191.533
0.218718 0.062345 0.973794 121.815 0.0722709 0.994181 -0.0798825 -17.737 -0.973108 0.0878487 0.212939 191.814
0.220171 0.0599401 0.973618 122.97 0.0745367 0.994158 -0.0780602 -17.8542 -0.972609 0.0897568 0.214417 192.054
0.22574 0.0617916 0.972226 124.149 0.0775625 0.993678 -0.0811642 -17.9302 -0.971095 0.0937303 0.219521 192.253
