1 0 0 0 0 1 0 0 0 0 1 0
0.999992 0.00210517 -0.0032856 -0.0144485 -0.00210606 0.999998 -0.0002672 -0.0109016 0.00328503 0.000274117 0.999995 1.95283
0.999981 0.00610692 0.000179939 -0.131867 -0.00610665 0.99998 -0.00147602 -0.01171 -0.000188949 0.00147489 0.999999 3.87634
0.99996 0.00885951 0.00137864 -0.228174 -0.00885564 0.999957 -0.00278703 -0.0370246 -0.00140327 0.00277471 0.999995 5.76963
0.999935 0.0112876 0.00129776 -0.277205 -0.0112823 0.999928 -0.00402399 -0.0241626 -0.00134309 0.00400909 0.999991 7.68762
0.99988 0.0152973 -0.00225199 -0.243817 -0.0153092 0.999868 -0.00540597 -0.047262 0.002169 0.0054398 0.999983 9.66413
0.999856 0.016748 -0.00256814 -0.304431 -0.0167682 0.999827 -0.00806122 -0.0514004 0.00243268 0.00810312 0.999964 11.6209
0.999834 0.0174026 -0.00541559 -0.282461 -0.0174474 0.999813 -0.00833978 -0.0983289 0.00526944 0.00843289 0.999951 13.5949
0.999801 0.0188572 -0.0064533 -0.312659 -0.0189079 0.99979 -0.00790102 -0.121345 0.00630296 0.00802146 0.999948 15.5375
0.999759 0.0165938 -0.0143416 -0.241868 -0.0166807 0.999843 -0.00596032 -0.180933 0.0142404 0.00619811 0.999879 17.487
0.999755 0.0134335 -0.0176157 -0.282785 -0.0135579 0.999884 -0.00695864 -0.201742 0.0175201 0.00719577 0.999821 19.3708
0.999738 0.0160257 -0.0163351 -0.416248 -0.0161261 0.999852 -0.00603346 -0.223186 0.016236 0.0062953 0.999848 21.2426
0.999649 0.0165585 -0.0206942 -0.408095 -0.0166259 0.999857 -0.0030882 -0.300005 0.0206401 0.00343117 0.999781 23.1894
0.999601 0.0156235 -0.0235154 -0.475429 -0.0156906 0.999873 -0.00267158 -0.348818 0.0234706 0.00303948 0.99972 25.0827
0.999547 0.0172285 -0.024677 -0.587709 -0.017374 0.999833 -0.00569413 -0.357608 0.0245747 0.00612029 0.999679 26.9491
0.999448 0.0152383 -0.0295056 -0.604668 -0.0154158 0.999864 -0.00579834 -0.472209 0.0294132 0.00624999 0.999548 28.8853
0.999458 0.01624 -0.0286397 -0.772466 -0.0163905 0.999853 -0.00502903 -0.49696 0.0285538 0.00549572 0.999577 30.7387
0.999455 0.0188222 -0.0271161 -0.918307 -0.0188653 0.999821 -0.00133337 -0.51128 0.0270862 0.00184419 0.999631 32.6024
0.999322 0.0191459 -0.0314329 -0.920278 -0.0190525 0.999813 0.00326777 -0.569549 0.0314896 -0.00266668 0.999501 34.5824
0.999161 0.0297129 -0.0281766 -1.09045 -0.0295632 0.999547 0.00571206 -0.494927 0.0283335 -0.00487428 0.999587 36.4133
0.999046 0.0289087 -0.0327218 -1.10717 -0.028852 0.999581 0.00220264 -0.473261 0.0327718 -0.00125645 0.999462 38.4348
0.998673 0.0337904 -0.0388561 -1.1206 -0.0342166 0.999361 -0.0103558 -0.385391 0.0384813 0.0116716 0.999191 40.4217
0.997662 0.0447314 -0.0516636 -0.987856 -0.045932 0.998696 -0.0222896 -0.332174 0.0505992 0.0246105 0.998416 42.4976
0.995667 0.0670173 -0.06446 -0.95329 -0.0692713 0.997039 -0.0333905 -0.199844 0.0620314 0.0377111 0.997362 44.3752
0.994916 0.0688269 -0.0735128 -1.00153 -0.0716831 0.996743 -0.0369465 -0.252901 0.0707304 0.0420283 0.99661 46.2964
0.99522 0.0647825 -0.0730808 -1.23962 -0.0678262 0.996897 -0.0399621 -0.221234 0.0702651 0.0447279 0.996525 48.1584
0.995141 0.0639121 -0.0748937 -1.44309 -0.0671058 0.996906 -0.0409307 -0.257213 0.072046 0.0457576 0.996351 50.0194
0.994791 0.0629326 -0.0801897 -1.5438 -0.0660957 0.997111 -0.0374179 -0.44249 0.0776032 0.0425232 0.996077 51.975
0.995004 0.0678237 0.0732664 -3.12565 -0.0544792 0.98379 -0.170846 0.539223 -0.0836662 0.166001 0.98257 55.2564
0.996001 0.0884121 0.0128652 -1.35568 -0.0849162 0.981548 -0.171327 -0.244624 -0.0277752 0.16955 0.98513 58.2083
0.995918 0.0894813 0.0118287 -1.3281 -0.0862448 0.982062 -0.167679 -0.609399 -0.0266207 0.165975 0.985771 59.9948
0.992412 0.112969 0.0485374 -1.7525 -0.102654 0.978546 -0.178636 -0.71486 -0.0676764 0.172298 0.982717 60.3991
0.992106 0.113604 0.053102 -1.88327 -0.102697 0.979047 -0.17584 -1.15588 -0.0719654 0.168998 0.982986 62.1925
0.991826 0.117482 0.0497839 -1.71474 -0.106758 0.97777 -0.18047 -1.41692 -0.0698791 0.17368 0.98232 63.5678
0.992445 0.110694 0.0529068 -1.65493 -0.0997159 0.979001 -0.177805 -1.73658 -0.0714778 0.171186 0.982643 64.9846
0.993124 0.105747 0.0502271 -1.54903 -0.0959141 0.980966 -0.168835 -2.23942 -0.067125 0.162857 0.984364 66.9254
0.992195 0.103113 0.0701207 -1.93467 -0.0900438 0.981469 -0.169149 -2.40963 -0.0862627 0.161515 0.983093 68.3134
0.993514 0.0958786 0.0611251 -1.66741 -0.0850489 0.983416 -0.160185 -2.9313 -0.0754698 0.153947 0.985193 70.3779
0.99293 0.0958765 0.0699842 -1.80065 -0.0826716 0.981642 -0.171885 -3.03402 -0.0851792 0.164884 0.982628 72.1248
0.993249 0.0959 0.0652732 -1.6702 -0.0829799 0.980539 -0.177929 -3.07484 -0.0810663 0.171311 0.981876 72.5108
0.987533 0.113035 0.10955 -2.01521 -0.0917397 0.978826 -0.182983 -3.11909 -0.127914 0.170652 0.976993 72.2826
0.988423 0.118812 0.0943625 -1.15292 -0.0984935 0.975525 -0.196596 -3.21073 -0.115411 0.185026 0.975933 74.2557
0.991093 0.12278 0.0515786 0.140573 -0.109075 0.970602 -0.214558 -3.3748 -0.0764058 0.207021 0.975348 77.0741
0.991025 0.133619 -0.00395869 1.66658 -0.130709 0.962381 -0.238197 -3.64491 -0.028018 0.236577 0.971209 79.9674
0.991339 0.127968 -0.029521 2.30053 -0.131303 0.96125 -0.242401 -4.03865 -0.00264269 0.244178 0.969727 81.8977
0.99117 0.128845 -0.031331 2.23693 -0.132599 0.961991 -0.238728 -4.53745 -0.000618814 0.240774 0.970581 83.7717
0.992493 0.114562 -0.04282 2.46062 -0.121625 0.961338 -0.247057 -4.66544 0.0128612 0.25041 0.968054 84.9487
0.990869 0.125556 -0.0491395 2.4527 -0.133608 0.9633 -0.232814 -5.29096 0.018105 0.237254 0.971279 86.3962
0.990907 0.123902 -0.0524612 2.36912 -0.13281 0.963193 -0.233712 -5.7999 0.0215727 0.238555 0.970889 88.3935
0.990541 0.120676 -0.0653099 2.48491 -0.132856 0.962486 -0.236581 -6.19264 0.0343102 0.24302 0.969414 90.2109
0.990378 0.119496 -0.0697959 2.38813 -0.132678 0.963272 -0.233461 -6.68418 0.0393348 0.240475 0.969858 91.8966
0.990023 0.122569 -0.0695069 2.15311 -0.135558 0.963115 -0.232452 -7.11622 0.0384517 0.239555 0.970121 93.8236
0.989983 0.120844 -0.0730105 2.01237 -0.134742 0.963114 -0.23293 -7.56873 0.0421692 0.240434 0.969749 95.8158
0.98964 0.122771 -0.0744357 1.80555 -0.136935 0.962945 -0.232348 -8.02654 0.043152 0.240134 0.96978 97.7466
0.989626 0.119743 -0.079381 1.67486 -0.135185 0.963174 -0.232423 -8.55331 0.0486268 0.240743 0.96937 99.7193
0.988852 0.123924 -0.0825516 1.48072 -0.140034 0.962431 -0.232633 -9.03046 0.0506213 0.241599 0.969055 101.568
0.988325 0.130091 -0.0793059 1.2034 -0.145204 0.961888 -0.231707 -9.48387 0.0461404 0.240517 0.969548 103.363
0.987803 0.132682 -0.0814885 1.03955 -0.148085 0.962263 -0.228298 -9.97365 0.0481223 0.237581 0.970175 105.261
0.987802 0.132207 -0.0822679 0.853288 -0.147481 0.963856 -0.221881 -10.4808 0.0499601 0.231308 0.971597 107.21
0.987132 0.136568 -0.0831856 0.692103 -0.152208 0.961939 -0.226949 -10.8324 0.0490255 0.23669 0.970348 109.217
0.986505 0.143184 -0.0794116 0.389079 -0.157982 0.959811 -0.231956 -11.1694 0.0430077 0.241372 0.969479 111.034
0.986609 0.142937 -0.0785585 0.167508 -0.157601 0.959506 -0.233475 -11.6212 0.0420051 0.24273 0.969184 112.926
0.987027 0.141028 -0.0767385 -0.0840843 -0.155313 0.959809 -0.233763 -12.1204 0.0406872 0.242649 0.969261 114.846
0.986998 0.141387 -0.0764442 -0.329149 -0.155686 0.959186 -0.236061 -12.5751 0.0399483 0.244893 0.968727 116.719
0.985302 0.151103 -0.0796728 -0.480638 -0.165881 0.957721 -0.235062 -13.0846 0.0407856 0.244823 0.96871 118.614
0.983461 0.160893 -0.083176 -0.651636 -0.176049 0.957078 -0.230236 -13.5453 0.0425624 0.241071 0.969574 120.489
0.982133 0.170066 -0.080576 -0.897664 -0.184234 0.956218 -0.227389 -13.9391 0.038377 0.238171 0.970465 122.324
0.981068 0.176091 -0.0806025 -1.08751 -0.190129 0.954918 -0.227997 -14.3577 0.0368205 0.239005 0.97032 124.248
0.981119 0.177987 -0.0756778 -1.36986 -0.190757 0.955075 -0.226811 -14.8516 0.0319086 0.236965 0.970994 126.242
0.981849 0.173792 -0.0759564 -1.54793 -0.18686 0.954996 -0.230363 -15.3315 0.0325028 0.240375 0.970136 128.254
0.981474 0.174003 -0.0802024 -1.67265 -0.18815 0.954359 -0.231944 -15.8189 0.0361828 0.242737 0.969417 130.159
0.980844 0.178393 -0.0782302 -1.88318 -0.191999 0.953157 -0.233725 -16.2747 0.0328708 0.244268 0.969151 132.085
0.979778 0.183181 -0.0804981 -1.99142 -0.19717 0.952364 -0.23265 -16.7787 0.0340464 0.243817 0.969223 134.085
0.979332 0.185189 -0.0813212 -2.1301 -0.19922 0.952641 -0.229755 -17.298 0.0349218 0.241208 0.969845 136.035
0.97946 0.184779 -0.0807209 -2.3524 -0.198763 0.952137 -0.232226 -17.7407 0.0339469 0.2435 0.969307 137.957
0.979254 0.183659 -0.0856242 -2.48306 -0.19905 0.950988 -0.236646 -18.1905 0.0379654 0.24878 0.967816 139.883
0.978504 0.186008 -0.0890532 -2.64819 -0.202099 0.950866 -0.23454 -18.6525 0.0410514 0.247496 0.968019 141.812
0.978168 0.188025 -0.0885097 -2.88567 -0.203761 0.951469 -0.230625 -19.1764 0.040851 0.243624 0.969009 143.693
0.977484 0.191951 -0.0876376 -3.14548 -0.207417 0.950375 -0.231873 -19.6733 0.0387805 0.244829 0.96879 145.627
0.977097 0.192998 -0.0896226 -3.34362 -0.208997 0.949594 -0.233647 -20.1415 0.0400116 0.247027 0.968182 147.514
0.977165 0.192816 -0.0892793 -3.57414 -0.208737 0.949636 -0.233712 -20.6074 0.0397194 0.247011 0.968198 149.405
0.976165 0.194504 -0.0962761 -3.65347 -0.21194 0.949841 -0.229965 -21.1584 0.0467178 0.244889 0.968425 151.351
0.976373 0.193327 -0.0965441 -3.87094 -0.210899 0.94988 -0.23076 -21.6183 0.0470933 0.245668 0.968209 153.306
0.97649 0.192113 -0.0977719 -4.09854 -0.209959 0.950384 -0.229536 -22.136 0.0488241 0.244668 0.968377 155.273
0.977167 0.190326 -0.0944499 -4.38218 -0.207367 0.951148 -0.228729 -22.6085 0.0463025 0.243093 0.968897 157.196
0.977333 0.191556 -0.0901503 -4.68642 -0.207654 0.950302 -0.231961 -23.0395 0.0412365 0.245423 0.968539 159.103
0.977004 0.191714 -0.0933162 -4.85225 -0.208631 0.949867 -0.232863 -23.4939 0.0439948 0.246977 0.968022 161.045
0.975753 0.195756 -0.0979075 -5.0111 -0.213738 0.94855 -0.233601 -23.9515 0.0471414 0.248863 0.967391 162.961
0.975557 0.194405 -0.102447 -5.18782 -0.213806 0.947395 -0.238179 -24.3689 0.0507547 0.254261 0.965803 164.915
0.974816 0.194708 -0.108736 -5.35138 -0.215749 0.946795 -0.238812 -24.8614 0.0564523 0.256258 0.964959 166.882
0.974361 0.194303 -0.11343 -5.53763 -0.21666 0.946224 -0.240246 -25.3726 0.0606495 0.258662 0.964062 168.827
0.973972 0.196042 -0.113782 -5.8041 -0.218307 0.946381 -0.238129 -25.9177 0.060998 0.256771 0.964545 170.73
0.974127 0.195385 -0.113588 -6.07498 -0.217649 0.94641 -0.238615 -26.4042 0.0608795 0.257163 0.964448 172.653
0.973451 0.196921 -0.116689 -6.28155 -0.219924 0.94597 -0.238273 -26.9061 0.0634634 0.25761 0.964163 174.588
0.97373 0.195403 -0.11691 -6.56101 -0.218608 0.945889 -0.2398 -27.3917 0.0637258 0.259058 0.963757 176.512
0.973761 0.195276 -0.116867 -6.82843 -0.218564 0.945546 -0.24119 -27.8828 0.0634043 0.260404 0.963416 178.435
0.974052 0.193967 -0.116612 -7.13094 -0.217153 0.946158 -0.240063 -28.3553 0.0637694 0.259156 0.963728 180.342
0.973761 0.195243 -0.116919 -7.4236 -0.218408 0.946114 -0.239095 -28.808 0.0639376 0.258357 0.963931 182.205
0.973347 0.196357 -0.118488 -7.66643 -0.21976 0.946318 -0.237039 -29.3199 0.0655835 0.25676 0.964247 184.131
0.973144 0.198095 -0.117253 -7.97835 -0.221115 0.946057 -0.236823 -29.8325 0.064015 0.256389 0.964451 186.009
0.973154 0.197922 -0.117469 -8.23254 -0.220988 0.946142 -0.236601 -30.3159 0.0643139 0.256209 0.96448 187.854
0.97285 0.198793 -0.118507 -8.47395 -0.221926 0.946572 -0.233986 -30.8476 0.0656603 0.253933 0.96499 189.766
0.971986 0.200688 -0.12234 -8.67723 -0.224609 0.946438 -0.231962 -31.3376 0.0692354 0.252943 0.965001 191.661
0.971215 0.202784 -0.124982 -8.90543 -0.227023 0.946853 -0.227883 -31.9102 0.0721283 0.249697 0.965634 193.593
0.970785 0.204892 -0.124881 -9.17487 -0.229243 0.945691 -0.230472 -32.3756 0.0708767 0.252367 0.965032 195.534
0.970445 0.205494 -0.126528 -9.42221 -0.230264 0.945393 -0.230673 -32.8266 0.072217 0.25299 0.96477 197.451
0.970932 0.205806 -0.12221 -9.79475 -0.229469 0.945584 -0.230684 -33.3061 0.0680841 0.252022 0.965323 199.395
0.971283 0.203396 -0.12345 -10.047 -0.22723 0.946813 -0.227843 -33.823 0.070542 0.249351 0.96584 201.305
0.970493 0.205055 -0.126869 -10.2776 -0.229859 0.945702 -0.22981 -34.283 0.0728565 0.252191 0.964931 203.224
0.970081 0.207628 -0.125831 -10.615 -0.232133 0.945044 -0.230232 -34.7613 0.0711131 0.252554 0.964966 205.189
0.970418 0.207579 -0.123286 -10.9566 -0.231541 0.944835 -0.231681 -35.1969 0.0683926 0.253373 0.964948 207.086
0.970742 0.206429 -0.122663 -11.2878 -0.230535 0.944113 -0.235592 -35.6285 0.0671748 0.256977 0.96408 209.024
0.970567 0.206571 -0.123807 -11.5505 -0.231107 0.943486 -0.237534 -36.1054 0.0677426 0.259156 0.963457 210.955
0.968591 0.212785 -0.128658 -11.772 -0.238237 0.942343 -0.235018 -36.7365 0.0712319 0.258288 0.963438 212.905
0.969014 0.211499 -0.127596 -12.0586 -0.236605 0.943102 -0.233614 -37.2375 0.0709273 0.256566 0.963921 214.821
0.968689 0.210853 -0.131081 -12.2133 -0.236551 0.944159 -0.229362 -37.7607 0.0753995 0.253188 0.964474 216.687
0.968504 0.210307 -0.133305 -12.4479 -0.23643 0.944662 -0.227409 -38.245 0.0781022 0.251764 0.964632 218.644
0.967799 0.211441 -0.136594 -12.665 -0.238379 0.944159 -0.227461 -38.7352 0.0808717 0.252697 0.96416 220.578
0.967591 0.211816 -0.13748 -12.9492 -0.238935 0.944126 -0.227014 -39.2246 0.0817136 0.252506 0.964139 222.496
0.967548 0.210463 -0.139844 -13.2367 -0.238382 0.943815 -0.228883 -39.6991 0.0838155 0.254791 0.963357 224.444
0.967795 0.209141 -0.140116 -13.529 -0.23704 0.944491 -0.227484 -40.2063 0.0847626 0.253371 0.963649 226.361
0.967623 0.209331 -0.141021 -13.83 -0.2373 0.944848 -0.225722 -40.6971 0.0859929 0.251878 0.963931 228.305
0.967573 0.208679 -0.142323 -14.126 -0.236793 0.945507 -0.223484 -41.212 0.0879305 0.249938 0.964261 230.251
0.967836 0.207403 -0.142399 -14.4568 -0.235634 0.94562 -0.224231 -41.6655 0.0881488 0.250573 0.964076 232.17
0.967836 0.207403 -0.142399 -14.4568 -0.235634 0.94562 -0.224231 -41.6655 0.0881488 0.250573 0.964076 232.17
0.967066 0.206913 -0.148223 -14.6967 -0.237111 0.944078 -0.229117 -42.0788 0.0925267 0.256717 0.962047 234.12
0.96702 0.203144 -0.153637 -14.9325 -0.234869 0.944582 -0.229351 -42.5481 0.0985315 0.257872 0.961142 236.071
0.967101 0.203465 -0.1527 -15.3023 -0.235025 0.944331 -0.230221 -42.9944 0.0973578 0.258535 0.961083 237.99
0.967057 0.203613 -0.152784 -15.642 -0.235291 0.944024 -0.231209 -43.4531 0.0971548 0.259541 0.960833 239.901
0.966995 0.202849 -0.154184 -15.9714 -0.235091 0.943653 -0.232921 -43.9299 0.0982486 0.26148 0.960195 241.842
0.966435 0.202431 -0.158193 -16.2465 -0.235813 0.943327 -0.233507 -44.4017 0.101959 0.262974 0.9594 243.758
0.965391 0.203343 -0.163317 -16.5106 -0.237767 0.943525 -0.230709 -44.9125 0.10718 0.261556 0.959219 245.734
0.965436 0.202472 -0.16413 -16.8583 -0.237392 0.943052 -0.233017 -45.3471 0.107604 0.263927 0.958522 247.654
0.965268 0.202099 -0.165572 -17.1998 -0.23755 0.942721 -0.234197 -45.8222 0.108757 0.265394 0.957986 249.616
0.964579 0.201087 -0.170735 -17.4799 -0.238102 0.942289 -0.235369 -46.3406 0.113552 0.267684 0.956792 251.552
0.965012 0.203632 -0.165186 -17.9503 -0.238446 0.943575 -0.229805 -46.9243 0.10907 0.261153 0.959116 253.412
0.965188 0.20365 -0.164128 -18.3324 -0.238251 0.943473 -0.230423 -47.4012 0.107925 0.261506 0.959149 255.349
0.965234 0.204217 -0.163155 -18.6863 -0.238325 0.943936 -0.228442 -47.8865 0.107356 0.259384 0.959789 257.268
0.965349 0.203425 -0.163464 -19.0191 -0.237316 0.944863 -0.225643 -48.4068 0.108549 0.256617 0.960398 259.221
0.966271 0.20068 -0.161395 -19.4105 -0.234405 0.944911 -0.228469 -48.8193 0.106655 0.258594 0.96008 261.177
0.966353 0.19953 -0.162324 -19.73 -0.233266 0.945745 -0.22617 -49.341 0.108389 0.256425 0.960468 263.103
0.966984 0.19729 -0.161306 -20.1014 -0.230797 0.946375 -0.226067 -49.853 0.108055 0.255832 0.960663 265.062
0.96677 0.198796 -0.160736 -20.4932 -0.231971 0.946409 -0.224722 -50.3636 0.107448 0.254541 0.961074 266.979
0.965892 0.202269 -0.16168 -20.8283 -0.235902 0.944823 -0.227287 -50.8241 0.106786 0.257676 0.960312 268.904
0.965692 0.202963 -0.162005 -21.174 -0.236522 0.944979 -0.22599 -51.3149 0.107224 0.256554 0.960564 270.791
0.963292 0.205082 -0.173231 -21.2987 -0.241013 0.944885 -0.221596 -51.8575 0.118239 0.255213 0.959628 272.685
0.962324 0.205868 -0.177625 -21.6073 -0.24329 0.94364 -0.224397 -52.3094 0.121418 0.259157 0.958173 274.654
0.962106 0.206501 -0.178071 -21.974 -0.243316 0.944943 -0.218815 -52.8463 0.123082 0.253851 0.95938 276.554
0.9618 0.208389 -0.177523 -22.3712 -0.244989 0.944582 -0.218507 -53.3002 0.122151 0.253651 0.959552 278.474
0.961988 0.207532 -0.177512 -22.73 -0.243983 0.945133 -0.217245 -53.7774 0.122687 0.252297 0.959841 280.382
0.962433 0.206173 -0.17668 -23.1255 -0.242904 0.944553 -0.220946 -54.2103 0.12133 0.255562 0.959149 282.318
0.96186 0.209073 -0.176391 -23.511 -0.245827 0.943509 -0.222172 -54.6629 0.119976 0.25706 0.958919 284.323
0.962382 0.209083 -0.173507 -23.9442 -0.244894 0.944108 -0.220651 -55.1387 0.117675 0.254841 0.959796 286.251
0.96203 0.209816 -0.174575 -24.2909 -0.246065 0.943474 -0.222057 -55.5799 0.118116 0.256582 0.959278 288.224
0.962449 0.21231 -0.169162 -24.7443 -0.24777 0.941641 -0.227865 -55.9698 0.110912 0.261222 0.958886 290.084
0.963006 0.211393 -0.16713 -25.1303 -0.246636 0.941285 -0.230548 -56.439 0.10858 0.26324 0.958601 291.983
0.964693 0.208234 -0.161262 -25.5524 -0.241673 0.943262 -0.227709 -56.943 0.104695 0.258642 0.960283 293.811
0.963741 0.20986 -0.164811 -25.836 -0.244641 0.941531 -0.231667 -57.3698 0.106557 0.263586 0.958732 295.776
0.963114 0.210975 -0.167034 -26.1257 -0.246203 0.941396 -0.230558 -57.8886 0.108603 0.263178 0.958615 297.648
0.96363 0.213124 -0.16123 -26.5497 -0.246402 0.942135 -0.227307 -58.3376 0.103456 0.258767 0.960384 299.534
0.964096 0.212203 -0.159653 -26.9142 -0.245085 0.942482 -0.227292 -58.802 0.102238 0.25826 0.96065 301.48
0.963438 0.214481 -0.160577 -27.2411 -0.247391 0.942247 -0.22576 -59.3289 0.102882 0.257231 0.960858 303.397
0.963929 0.216935 -0.154205 -27.7247 -0.248253 0.941719 -0.227016 -59.7923 0.09597 0.25711 0.961605 305.355
0.962069 0.227201 -0.151005 -28.0721 -0.256804 0.941029 -0.220263 -60.3162 0.0920565 0.250687 0.963681 307.166
0.961868 0.227874 -0.151273 -28.38 -0.257874 0.939885 -0.223869 -60.7566 0.0911653 0.254342 0.962808 309.086
0.961919 0.226686 -0.152724 -28.6581 -0.257446 0.939105 -0.227604 -61.231 0.0918292 0.258255 0.961703 311.05
0.961307 0.229908 -0.151763 -29.0194 -0.261227 0.935677 -0.237211 -61.5366 0.0874642 0.267677 0.959531 312.979
0.961143 0.232271 -0.149181 -29.401 -0.263069 0.934454 -0.239978 -61.9412 0.083663 0.269898 0.959247 314.853
0.962321 0.230061 -0.144951 -29.8357 -0.25957 0.936031 -0.237632 -62.4201 0.0810084 0.266303 0.960479 316.732
0.962661 0.229716 -0.143226 -30.1834 -0.258927 0.935724 -0.239535 -62.8707 0.0789947 0.267676 0.960265 318.65
0.96207 0.229768 -0.147064 -30.4157 -0.25993 0.935709 -0.238504 -63.4208 0.0828082 0.267684 0.959942 320.605
0.961949 0.230723 -0.146356 -30.7287 -0.26069 0.935429 -0.238773 -63.9388 0.0818157 0.267841 0.959983 322.505
0.96157 0.232431 -0.146146 -31.044 -0.262512 0.934258 -0.241351 -64.3967 0.0804408 0.270441 0.95937 324.426
0.961577 0.232997 -0.145197 -31.3818 -0.263008 0.933466 -0.24386 -64.8424 0.0787178 0.272679 0.958879 326.322
0.960609 0.235729 -0.147177 -31.6502 -0.266176 0.93267 -0.24347 -65.3293 0.0798747 0.273054 0.958677 328.243
0.959698 0.237034 -0.150979 -31.8881 -0.26815 0.933133 -0.239495 -65.9145 0.0841151 0.270328 0.959087 330.193
0.95956 0.235621 -0.154036 -32.1323 -0.267778 0.932778 -0.24129 -66.4152 0.0868284 0.272779 0.95815 332.204
0.960079 0.233064 -0.154691 -32.4782 -0.265539 0.933235 -0.241997 -66.9032 0.0879624 0.273412 0.957867 334.053
0.959185 0.237456 -0.153556 -32.8183 -0.269816 0.931054 -0.245639 -67.3609 0.0846401 0.277045 0.957122 336.007
0.959028 0.240159 -0.150297 -33.2052 -0.271492 0.930672 -0.245239 -67.8757 0.0809807 0.275996 0.957741 337.924
0.959536 0.240081 -0.147148 -33.605 -0.270372 0.931525 -0.243228 -68.437 0.0786775 0.273171 0.958743 339.906
0.959492 0.238117 -0.150584 -33.8635 -0.26922 0.932455 -0.240933 -69.0131 0.0830425 0.271714 0.958789 341.836
0.960023 0.235566 -0.151213 -34.1621 -0.266975 0.93292 -0.24163 -69.5716 0.0841497 0.27234 0.958514 343.817
0.960086 0.236479 -0.149371 -34.5042 -0.26728 0.933055 -0.240771 -70.1055 0.0824338 0.271085 0.959019 345.703
0.960648 0.232886 -0.15139 -34.7973 -0.264413 0.933666 -0.241565 -70.6279 0.0850908 0.272089 0.958503 347.643
0.959492 0.238535 -0.149917 -35.1284 -0.268966 0.933932 -0.235431 -71.2016 0.0838541 0.266217 0.960259 349.603
0.959457 0.238503 -0.150199 -35.4437 -0.269044 0.933815 -0.235809 -71.6964 0.0840167 0.266658 0.960122 351.522
0.95977 0.236379 -0.151546 -35.7562 -0.267526 0.933725 -0.237883 -72.1817 0.085272 0.268856 0.959398 353.431
0.960118 0.233353 -0.154013 -36.0405 -0.265325 0.934155 -0.238656 -72.7226 0.0881808 0.270001 0.958814 355.435
0.960112 0.234814 -0.151816 -36.4032 -0.26602 0.934317 -0.237245 -73.2118 0.0861353 0.268168 0.959514 357.34
0.960952 0.230788 -0.15267 -36.6929 -0.261741 0.937124 -0.230846 -73.8017 0.0897944 0.261792 0.960938 359.278
0.960219 0.233265 -0.153515 -36.9925 -0.264301 0.936616 -0.22999 -74.3145 0.0901361 0.261415 0.961009 361.236
0.960344 0.233665 -0.15212 -37.3586 -0.264503 0.936071 -0.231968 -74.775 0.0881921 0.263005 0.960755 363.16
0.960058 0.237709 -0.14759 -37.7917 -0.267194 0.935431 -0.231463 -75.2918 0.0830395 0.261653 0.961583 365.129
0.960696 0.235168 -0.147507 -38.1346 -0.265032 0.93508 -0.235336 -75.7178 0.0825875 0.265181 0.960655 367.108
0.959899 0.241236 -0.142825 -38.4789 -0.269169 0.935475 -0.228986 -76.2737 0.07837 0.258248 0.962895 369.126
0.957925 0.246837 -0.146466 -38.7189 -0.275582 0.933606 -0.228984 -76.7325 0.0802194 0.259713 0.962348 371.158
0.957532 0.247919 -0.147204 -39.0119 -0.276816 0.933284 -0.228811 -77.2216 0.0806566 0.259843 0.962277 373.143
0.956468 0.254469 -0.142882 -39.4318 -0.282192 0.931263 -0.23047 -77.6442 0.0744133 0.260757 0.962532 374.935
0.956787 0.251997 -0.145105 -39.7238 -0.280485 0.931429 -0.231879 -78.1603 0.0767226 0.262559 0.961861 376.957
0.955639 0.254225 -0.148739 -40.0045 -0.283438 0.931085 -0.229658 -78.6335 0.0801035 0.261628 0.961839 378.863
0.956126 0.249952 -0.1528 -40.2687 -0.280128 0.932702 -0.227144 -79.1762 0.0857417 0.259982 0.961799 380.884
0.954373 0.254176 -0.15674 -40.5479 -0.285096 0.931713 -0.225014 -79.6679 0.0888434 0.259433 0.961666 382.808
0.954666 0.252312 -0.157958 -40.8896 -0.283817 0.931533 -0.227363 -80.1248 0.0897763 0.261887 0.960914 384.717
0.954472 0.253351 -0.157472 -41.2978 -0.284331 0.932337 -0.223392 -80.5952 0.0902208 0.257995 0.961924 386.5
0.954851 0.253032 -0.155673 -41.6965 -0.283668 0.932227 -0.22469 -81.0018 0.0882685 0.258705 0.961915 388.394
0.954518 0.255977 -0.152873 -42.1053 -0.285913 0.931256 -0.225866 -81.4255 0.0845473 0.259302 0.962088 390.268
0.954118 0.255812 -0.155624 -42.4181 -0.286583 0.930764 -0.227043 -81.8877 0.0867688 0.261225 0.96137 392.199
0.953793 0.257478 -0.154867 -42.7855 -0.287996 0.930359 -0.226915 -82.3485 0.0856568 0.261031 0.961523 394.15
0.953984 0.255406 -0.157106 -43.0891 -0.286482 0.931055 -0.225976 -82.8877 0.0885591 0.260585 0.961381 396.163
0.954091 0.255038 -0.157055 -43.4427 -0.285858 0.931902 -0.223257 -83.3657 0.0894203 0.257903 0.962024 398.054
0.954113 0.253773 -0.15896 -43.7747 -0.285138 0.932078 -0.223442 -83.8231 0.0914592 0.258515 0.961668 399.989
0.952787 0.258687 -0.158988 -44.149 -0.290078 0.930216 -0.224842 -84.2192 0.0897293 0.260345 0.961337 401.804
0.952425 0.259355 -0.160065 -44.5169 -0.291321 0.929031 -0.228107 -84.6824 0.0895443 0.263885 0.960389 403.79
0.952209 0.258813 -0.162216 -44.8432 -0.291292 0.929237 -0.227305 -85.1773 0.0919076 0.263694 0.960218 405.737
0.951795 0.26125 -0.160734 -45.2419 -0.293398 0.928245 -0.228646 -85.5968 0.0894665 0.264783 0.960149 407.643
0.951181 0.262784 -0.161859 -45.6001 -0.295238 0.927556 -0.229074 -86.0469 0.0899363 0.265678 0.959858 409.558
0.949322 0.270956 -0.159281 -46.0065 -0.302121 0.926396 -0.22475 -86.5504 0.0866603 0.261482 0.96131 411.499
0.948882 0.271386 -0.161162 -46.3315 -0.302924 0.926444 -0.223468 -87.0534 0.0886615 0.260864 0.961295 413.456
0.947249 0.276131 -0.162696 -46.6816 -0.307889 0.925002 -0.222658 -87.5479 0.0890116 0.261005 0.961225 415.387
0.945725 0.280327 -0.164379 -47.0168 -0.312035 0.924625 -0.218409 -88.0545 0.0907636 0.257847 0.961913 417.318
0.946201 0.280268 -0.161721 -47.4139 -0.310997 0.925698 -0.215325 -88.5443 0.0893558 0.254035 0.963059 419.296
0.945652 0.280515 -0.164478 -47.7211 -0.311881 0.925572 -0.214583 -89.0259 0.0920426 0.254218 0.962757 421.264
0.945098 0.281834 -0.165409 -48.0791 -0.313669 0.924342 -0.217263 -89.4822 0.0916627 0.257218 0.961996 423.175
0.94483 0.281907 -0.166806 -48.4065 -0.314413 0.923334 -0.220451 -89.929 0.0918715 0.260735 0.961029 425.113
0.944495 0.28548 -0.162573 -48.7909 -0.316983 0.921926 -0.222654 -90.3736 0.0863169 0.261829 0.961247 427.096
0.943928 0.286464 -0.164128 -49.0828 -0.318091 0.922242 -0.219743 -90.9032 0.0884174 0.25963 0.961652 429.076
0.944479 0.284299 -0.164723 -49.4204 -0.315773 0.923945 -0.215901 -91.4092 0.0908146 0.255929 0.96242 430.971
0.944994 0.28332 -0.163449 -49.7923 -0.314627 0.923977 -0.217433 -91.8233 0.0894197 0.256898 0.962293 432.85
0.945315 0.282535 -0.162951 -50.1524 -0.313945 0.923654 -0.219776 -92.2543 0.0884161 0.258915 0.961845 434.756
0.94558 0.281771 -0.162737 -50.5236 -0.313202 0.923752 -0.220426 -92.6735 0.0882185 0.2594 0.961732 436.645
0.946079 0.279821 -0.1632 -50.8922 -0.311575 0.923897 -0.222117 -93.1055 0.0886271 0.26099 0.961265 438.574
0.945459 0.28226 -0.162591 -51.265 -0.313725 0.923356 -0.221337 -93.543 0.0876551 0.260274 0.961548 440.436
0.944973 0.284879 -0.160843 -51.6524 -0.316071 0.921871 -0.224172 -93.9377 0.0844149 0.262675 0.961185 442.412
0.943308 0.289508 -0.16234 -51.9708 -0.321052 0.919965 -0.224924 -94.3668 0.08423 0.264292 0.960757 444.356
0.942789 0.288824 -0.166521 -52.2836 -0.321598 0.919538 -0.225888 -94.835 0.0878808 0.266518 0.959815 446.205
0.942031 0.28943 -0.169731 -52.6075 -0.323055 0.919043 -0.225821 -95.35 0.0906305 0.267563 0.959269 448.133
0.9412 0.290257 -0.172895 -52.9286 -0.324807 0.918215 -0.226673 -95.7853 0.0929617 0.269503 0.958502 450.093
0.941296 0.289314 -0.173951 -53.3213 -0.323779 0.919562 -0.222648 -96.2633 0.0955432 0.265899 0.959254 451.935
0.941016 0.289198 -0.175653 -53.681 -0.323799 0.920331 -0.219422 -96.7873 0.0982021 0.263355 0.959688 453.884
0.939774 0.290449 -0.180176 -54.0002 -0.326082 0.919879 -0.217929 -97.2209 0.102443 0.263556 0.959189 455.64
0.939111 0.291943 -0.18122 -54.4009 -0.327908 0.919046 -0.218702 -97.6607 0.102701 0.264809 0.958816 457.588
0.93875 0.290913 -0.18471 -54.7427 -0.327548 0.919806 -0.216031 -98.1572 0.107051 0.2633 0.958756 459.542
0.938504 0.288792 -0.189233 -55.0724 -0.326902 0.919609 -0.217842 -98.5738 0.11111 0.266306 0.957463 461.487
0.937547 0.290913 -0.190721 -55.4635 -0.329429 0.918618 -0.218213 -99.0139 0.111719 0.267414 0.957083 463.348
0.936448 0.294849 -0.190075 -55.8862 -0.332874 0.917857 -0.216177 -99.5065 0.110723 0.265709 0.957674 465.333
0.935932 0.295411 -0.191739 -56.2836 -0.33367 0.917986 -0.214397 -99.9766 0.112679 0.264639 0.957742 467.245
0.9356 0.294646 -0.194517 -56.6751 -0.333834 0.917613 -0.215733 -100.419 0.114926 0.266776 0.956882 469.204
0.935106 0.293887 -0.198008 -57.0464 -0.333967 0.917717 -0.215086 -100.898 0.118504 0.267256 0.956311 471.127
0.935207 0.293709 -0.197793 -57.5102 -0.333854 0.917529 -0.216062 -101.32 0.118021 0.268097 0.956136 472.979
0.933966 0.295058 -0.201616 -57.8758 -0.335955 0.917274 -0.213877 -101.82 0.121831 0.267488 0.955828 474.902
0.934393 0.292054 -0.203995 -58.273 -0.333688 0.918048 -0.214102 -102.27 0.124748 0.268126 0.955273 476.846
0.934041 0.292451 -0.205035 -58.6835 -0.334261 0.918024 -0.213312 -102.735 0.125843 0.267778 0.955227 478.799
0.934265 0.291884 -0.204824 -59.1368 -0.333838 0.917837 -0.214772 -103.167 0.125307 0.269032 0.954945 480.729
0.933621 0.292665 -0.206638 -59.5461 -0.335087 0.917419 -0.214614 -103.592 0.126763 0.26961 0.95459 482.596
0.933996 0.2928 -0.204741 -60.0266 -0.335183 0.916497 -0.218369 -104.013 0.123706 0.272582 0.954147 484.583
0.934752 0.288408 -0.207508 -60.3859 -0.331442 0.918221 -0.21683 -104.57 0.128003 0.271459 0.9539 486.608
0.934654 0.28863 -0.207643 -60.8026 -0.331358 0.918845 -0.214304 -105.062 0.128937 0.269104 0.954441 488.567
0.93392 0.291242 -0.207296 -61.2477 -0.333514 0.91861 -0.211954 -105.488 0.128694 0.267084 0.955041 490.405
0.933158 0.293102 -0.208102 -61.6608 -0.335902 0.917159 -0.214452 -105.906 0.128007 0.270019 0.954308 492.278
0.933207 0.294329 -0.206143 -62.1589 -0.336329 0.917413 -0.212685 -106.359 0.126519 0.267811 0.955128 494.051
0.932978 0.295947 -0.204859 -62.6269 -0.337382 0.917353 -0.211275 -106.824 0.125402 0.266231 0.955717 495.906
0.933122 0.29583 -0.204372 -63.0623 -0.33716 0.917388 -0.211478 -107.268 0.124927 0.266241 0.955777 497.826
0.932735 0.296757 -0.204796 -63.4946 -0.338283 0.916804 -0.212213 -107.679 0.124782 0.267217 0.955523 499.721
0.930856 0.300626 -0.207679 -63.8857 -0.342767 0.915338 -0.211346 -108.137 0.12656 0.267918 0.955093 501.555
0.930563 0.301277 -0.208048 -64.3165 -0.343389 0.915312 -0.210446 -108.591 0.127027 0.267275 0.955211 503.404
0.929588 0.301361 -0.212244 -64.6954 -0.344811 0.914474 -0.211761 -108.994 0.130275 0.270034 0.953997 505.231
0.92922 0.302894 -0.211674 -65.1583 -0.346299 0.913672 -0.212793 -109.399 0.128946 0.271034 0.953894 507.068
0.929362 0.301481 -0.213063 -65.5936 -0.34525 0.914151 -0.21244 -109.843 0.130726 0.270993 0.953663 508.942
0.929217 0.30031 -0.215334 -65.9915 -0.34426 0.915303 -0.209058 -110.349 0.134314 0.268392 0.9539 510.803
0.928692 0.301251 -0.216285 -66.4358 -0.345658 0.914439 -0.210528 -110.731 0.134358 0.270276 0.953362 512.653
0.92862 0.30239 -0.214998 -66.9153 -0.346423 0.914145 -0.210546 -111.139 0.132872 0.269997 0.953649 514.519
0.928672 0.302977 -0.213948 -67.3777 -0.347059 0.913312 -0.213098 -111.565 0.130837 0.272151 0.953318 516.406
0.9268 0.31043 -0.211366 -67.8383 -0.353577 0.910959 -0.212454 -111.975 0.126593 0.271636 0.954038 518.195
0.926717 0.311181 -0.210621 -68.2706 -0.353845 0.911314 -0.210477 -112.418 0.126446 0.26958 0.95464 520.034
0.927329 0.310157 -0.209436 -68.7291 -0.353089 0.910574 -0.214903 -112.779 0.124053 0.273235 0.953915 521.851
0.926838 0.311204 -0.210058 -69.1476 -0.354583 0.909461 -0.217145 -113.16 0.123464 0.275742 0.95327 523.644
0.926196 0.312444 -0.211043 -69.567 -0.355842 0.909403 -0.215321 -113.625 0.124648 0.274527 0.953466 525.458
0.926374 0.310849 -0.212615 -69.9591 -0.354542 0.910226 -0.213982 -114.082 0.127012 0.273608 0.953418 527.29
0.926347 0.310583 -0.213118 -70.3837 -0.354767 0.909528 -0.216563 -114.517 0.126577 0.27622 0.952723 529.09
0.926852 0.306602 -0.21666 -70.7684 -0.351568 0.911282 -0.214394 -115.055 0.131705 0.274882 0.952415 530.987
0.927672 0.306567 -0.213168 -71.3031 -0.351358 0.909915 -0.220458 -115.343 0.12638 0.279411 0.951818 532.787
0.928557 0.303454 -0.21377 -71.7163 -0.348304 0.911399 -0.219173 -115.788 0.128321 0.277971 0.95198 534.597
0.928651 0.303969 -0.212626 -72.1514 -0.348547 0.911186 -0.219668 -116.184 0.12697 0.278105 0.952122 536.341
0.926613 0.308761 -0.214604 -72.5147 -0.353319 0.910237 -0.215952 -116.692 0.128663 0.275928 0.952528 538.207
0.925682 0.310061 -0.216737 -72.9139 -0.354906 0.910133 -0.213773 -117.164 0.130976 0.274807 0.952537 539.987
0.925397 0.310278 -0.217641 -73.3011 -0.355297 0.910113 -0.213209 -117.62 0.131924 0.274631 0.952457 541.837
0.926231 0.309175 -0.215656 -73.7637 -0.353844 0.910347 -0.214622 -118.046 0.129966 0.275098 0.952591 543.616
0.926226 0.30805 -0.217279 -74.1569 -0.353165 0.91067 -0.214372 -118.456 0.131832 0.275292 0.952279 545.346
0.926504 0.308105 -0.216011 -74.6027 -0.352927 0.910646 -0.214865 -118.838 0.130508 0.27531 0.952456 547.102
0.926375 0.308764 -0.215626 -75.0434 -0.353595 0.91016 -0.215823 -119.205 0.129616 0.276178 0.952326 548.817
0.927135 0.309806 -0.210812 -75.556 -0.353383 0.910004 -0.216826 -119.591 0.124665 0.275524 0.953176 550.5
0.92669 0.31229 -0.209095 -76.016 -0.355588 0.90867 -0.218808 -119.954 0.121666 0.277119 0.953102 552.231
0.926028 0.31356 -0.210122 -76.3996 -0.357358 0.907536 -0.220619 -120.358 0.121516 0.279388 0.952458 554.033
0.924514 0.317131 -0.211427 -76.8002 -0.360998 0.90654 -0.218783 -120.772 0.122284 0.278593 0.952593 555.674
0.921611 0.321538 -0.217364 -77.1063 -0.36701 0.904168 -0.218598 -121.185 0.126246 0.281237 0.951298 557.388
0.921003 0.319201 -0.223301 -77.4579 -0.366328 0.904647 -0.217757 -121.614 0.132501 0.282356 0.950115 559.105
0.919461 0.320584 -0.227633 -77.836 -0.368533 0.904454 -0.214815 -122.012 0.137017 0.281404 0.949757 560.81
0.918773 0.319734 -0.231573 -78.2665 -0.368601 0.904822 -0.213143 -122.422 0.141383 0.281188 0.949181 562.554
0.917297 0.319741 -0.237344 -78.659 -0.369954 0.904794 -0.21091 -122.881 0.147311 0.281273 0.948254 564.317
0.915385 0.32711 -0.234668 -79.2098 -0.37635 0.902286 -0.210334 -123.258 0.142935 0.280854 0.949047 566.094
0.912286 0.332008 -0.239802 -79.6199 -0.382485 0.900004 -0.209039 -123.631 0.14642 0.282424 0.948049 567.809
0.910387 0.333606 -0.24475 -80.0597 -0.385036 0.899623 -0.205974 -124.055 0.151469 0.281754 0.947456 569.505
0.908154 0.333752 -0.252716 -80.462 -0.38736 0.89887 -0.204903 -124.432 0.158772 0.283976 0.945595 571.228
0.905282 0.336906 -0.258762 -80.8848 -0.391738 0.897694 -0.201708 -124.798 0.164333 0.28397 0.944646 572.895
0.905313 0.336334 -0.259398 -81.4148 -0.391093 0.898315 -0.200189 -125.186 0.165691 0.282683 0.944795 574.492
0.895479 0.341569 -0.285389 -81.3863 -0.398791 0.900464 -0.173582 -126.383 0.197692 0.26925 0.942561 576.64
0.894947 0.346894 -0.280595 -82.0205 -0.403739 0.897316 -0.178376 -126.665 0.189905 0.272924 0.943106 578.355
0.890549 0.3563 -0.282796 -82.5027 -0.413148 0.893675 -0.17508 -126.952 0.190347 0.272754 0.943066 579.959
0.889197 0.35723 -0.285861 -83.002 -0.414499 0.8935 -0.172764 -127.301 0.1937 0.27211 0.942569 581.659
0.891151 0.352287 -0.285908 -83.5486 -0.409978 0.895178 -0.174857 -127.576 0.194338 0.27304 0.942169 583.361
0.891714 0.349943 -0.28703 -84.0779 -0.407176 0.89717 -0.171153 -127.954 0.197621 0.269492 0.942507 585
0.891027 0.347933 -0.29157 -84.5346 -0.405706 0.898499 -0.167639 -128.288 0.203648 0.267663 0.941745 586.701
0.890412 0.348993 -0.292183 -85.0386 -0.407388 0.897357 -0.169661 -128.554 0.202982 0.2701 0.941193 588.348
0.88961 0.350702 -0.292578 -85.5621 -0.409652 0.895948 -0.171646 -128.859 0.201938 0.272553 0.94071 589.952
0.88901 0.354246 -0.290121 -86.1326 -0.41383 0.892789 -0.177966 -129.117 0.195973 0.278275 0.940297 591.59
0.890633 0.355759 -0.28321 -86.7052 -0.413633 0.892556 -0.179585 -129.432 0.188892 0.27709 0.942094 593.215
0.890722 0.357308 -0.280971 -87.176 -0.414355 0.892395 -0.178719 -129.833 0.186879 0.275611 0.942929 594.858
0.892019 0.357489 -0.276593 -87.6834 -0.413827 0.892048 -0.181652 -130.183 0.181796 0.276498 0.943662 596.508
0.893502 0.358072 -0.270996 -88.2007 -0.413579 0.891277 -0.185953 -130.513 0.174948 0.278227 0.944448 598.147
0.895577 0.356439 -0.266258 -88.7105 -0.411337 0.891412 -0.190227 -130.856 0.169541 0.279884 0.944945 599.813
0.897221 0.355191 -0.262362 -89.1715 -0.40919 0.892108 -0.191589 -131.21 0.166004 0.279253 0.945759 601.422
0.899458 0.3511 -0.260201 -89.5865 -0.405464 0.892588 -0.197195 -131.527 0.163018 0.28287 0.945203 603.095
0.901159 0.350962 -0.254438 -90.0738 -0.403756 0.893189 -0.197976 -131.915 0.157779 0.281139 0.946608 604.732
0.903092 0.348732 -0.25062 -90.5037 -0.40107 0.893515 -0.201924 -132.247 0.153516 0.282872 0.946793 606.378
0.904731 0.346847 -0.247305 -90.9384 -0.398693 0.893915 -0.204842 -132.609 0.150021 0.283925 0.947038 607.973
0.906232 0.344696 -0.244804 -91.3716 -0.396459 0.893975 -0.208877 -132.969 0.14685 0.286346 0.946806 609.629
0.907825 0.342844 -0.241479 -91.7915 -0.393968 0.894576 -0.211005 -133.335 0.143679 0.28669 0.947188 611.272
0.908858 0.340129 -0.241432 -92.142 -0.390698 0.896891 -0.207226 -133.818 0.146054 0.282666 0.948034 612.951
0.911112 0.337702 -0.236287 -92.5947 -0.386715 0.898743 -0.206669 -134.233 0.142569 0.279674 0.949451 614.59
0.912955 0.336992 -0.230107 -93.0656 -0.384629 0.898997 -0.209441 -134.609 0.136286 0.279716 0.950361 616.195
0.914435 0.33541 -0.226515 -93.5045 -0.382488 0.899147 -0.212691 -134.996 0.132331 0.281131 0.950502 617.824
0.915794 0.331954 -0.226113 -93.8551 -0.379431 0.899659 -0.215977 -135.376 0.13173 0.283585 0.949856 619.529
0.917348 0.329725 -0.223056 -94.2408 -0.376203 0.901267 -0.214918 -135.809 0.130169 0.281069 0.950819 621.204
0.918029 0.32972 -0.220243 -94.648 -0.375724 0.900855 -0.217467 -136.159 0.126704 0.282392 0.950895 622.841
0.919205 0.326385 -0.220308 -94.9922 -0.372607 0.901901 -0.218492 -136.572 0.127383 0.282927 0.950645 624.501
0.919343 0.326395 -0.219717 -95.3565 -0.372741 0.901301 -0.220726 -136.958 0.125987 0.284821 0.950265 626.088
0.91877 0.328818 -0.218494 -95.7273 -0.375233 0.899363 -0.22438 -137.298 0.122725 0.288139 0.949692 627.764
0.917789 0.32898 -0.222342 -95.973 -0.376839 0.89812 -0.226657 -137.697 0.125124 0.29181 0.948257 629.488
0.918289 0.32888 -0.220416 -96.3737 -0.376342 0.89798 -0.228035 -138.129 0.122933 0.292353 0.948376 631.125
0.918521 0.330185 -0.217478 -96.8172 -0.377371 0.896242 -0.233112 -138.51 0.117943 0.296189 0.947819 632.754
0.91718 0.332675 -0.219337 -97.1394 -0.380653 0.894256 -0.235394 -138.892 0.117834 0.29939 0.946827 634.416
0.916082 0.336083 -0.21873 -97.4823 -0.384035 0.892273 -0.237414 -139.284 0.115376 0.30149 0.946463 636.073
0.916236 0.340255 -0.211514 -97.9917 -0.385482 0.892543 -0.234029 -139.726 0.109155 0.295961 0.948943 637.618
0.917152 0.339574 -0.20862 -98.3935 -0.384002 0.893043 -0.234559 -140.151 0.106657 0.295236 0.949452 639.216
0.917876 0.339793 -0.205048 -98.8213 -0.38336 0.892774 -0.236622 -140.572 0.102659 0.295797 0.949719 640.873
0.918685 0.339436 -0.201991 -99.2273 -0.382191 0.89302 -0.237583 -141.003 0.099738 0.295463 0.950133 642.447
0.91808 0.340522 -0.202916 -99.5527 -0.383421 0.892756 -0.236592 -141.464 0.10059 0.295013 0.950184 644.06
0.919015 0.338358 -0.202303 -99.9171 -0.381231 0.893445 -0.237528 -141.869 0.100377 0.295416 0.950081 645.672
0.918025 0.341164 -0.202084 -100.252 -0.383986 0.892025 -0.238426 -142.265 0.0989216 0.296479 0.949903 647.283
0.917268 0.342729 -0.202868 -100.556 -0.385402 0.892283 -0.235153 -142.709 0.100421 0.293884 0.950551 648.813
0.917123 0.341902 -0.204909 -100.877 -0.385164 0.892501 -0.234714 -143.155 0.102633 0.294185 0.950222 650.485
0.918002 0.340569 -0.203185 -101.262 -0.383605 0.892535 -0.237126 -143.554 0.100592 0.295625 0.949993 652.049
0.917277 0.342199 -0.20372 -101.617 -0.385787 0.89048 -0.241274 -143.966 0.0988453 0.299908 0.948834 653.63
0.917432 0.341142 -0.204793 -101.901 -0.38519 0.890483 -0.242217 -144.392 0.0997345 0.301102 0.948362 655.081
0.91797 0.340986 -0.202631 -102.265 -0.384651 0.889978 -0.244916 -144.778 0.0968245 0.302768 0.948133 656.601
0.918864 0.339694 -0.20074 -102.652 -0.382989 0.890212 -0.246662 -145.174 0.0949115 0.303531 0.948083 658.2
0.918385 0.339161 -0.203812 -102.904 -0.383317 0.890365 -0.245598 -145.615 0.0981694 0.303678 0.947704 659.695
0.917891 0.339468 -0.205517 -103.199 -0.384423 0.88915 -0.248256 -146 0.0984607 0.306878 0.946642 661.276
0.918505 0.337857 -0.20543 -103.537 -0.382975 0.889399 -0.249598 -146.413 0.0983814 0.307931 0.946308 662.835
0.919054 0.338401 -0.202053 -103.961 -0.382749 0.888624 -0.252685 -146.834 0.0940398 0.309567 0.946216 664.421
0.918692 0.337151 -0.205752 -104.227 -0.382813 0.888322 -0.253649 -147.263 0.0972563 0.31179 0.945161 665.959
0.918461 0.339328 -0.203187 -104.579 -0.384214 0.88739 -0.254789 -147.701 0.0938496 0.312082 0.945409 667.46
