1 0 0 0 0 1 0 0 0 0 1 0
0.99998 0.0038192 0.00501921 -0.00908397 -0.00381997 0.999993 0.000144332 0.00219172 -0.00501862 -0.000163502 0.999987 0.844143
0.999956 0.00428867 0.00836324 0.0383364 -0.0042883 0.999991 -6.28532e-05 -0.0250758 -0.00836343 2.69863e-05 0.999965 1.66215
0.999923 0.00663333 0.0104761 0.0945562 -0.00662354 0.999978 -0.000968759 -0.0560338 -0.0104823 0.000899296 0.999945 2.4698
0.999809 0.00525411 0.0188494 0.059297 -0.00523926 0.999986 -0.000837213 -0.12718 -0.0188535 0.000738296 0.999822 3.2954
0.999681 0.00471083 0.024821 0.0651942 -0.00459884 0.999979 -0.00456716 -0.0869748 -0.024842 0.00445155 0.999681 4.1222
0.999389 0.00112135 0.0349275 -0.000882512 -0.00102542 0.999996 -0.00276442 -0.135977 -0.0349304 0.00272691 0.999386 4.9928
0.999306 0.000497414 0.0372425 0.0732766 -0.000460196 0.999999 -0.00100792 -0.181793 -0.037243 0.000990081 0.999306 5.79881
0.999012 -0.000185373 0.0444369 0.0865282 0.000257211 0.999999 -0.00161091 -0.199242 -0.0444366 0.00162075 0.999011 6.63127
0.998785 3.67936e-05 0.0492761 0.127293 0.000262394 0.999982 -0.00606516 -0.169478 -0.0492754 0.00607073 0.998767 7.43565
0.998203 -0.00195437 0.0598846 0.0983801 0.00234861 0.999976 -0.00651361 -0.208634 -0.0598704 0.00664256 0.998184 8.27465
0.997872 0.00206229 0.0651753 0.149631 -0.00148787 0.99996 -0.00886071 -0.227447 -0.0651909 0.00874488 0.997834 9.12059
0.9976 0.00220647 0.0692017 0.226741 -0.00152651 0.99995 -0.00987703 -0.23121 -0.0692201 0.00974769 0.997554 9.93852
0.997239 -0.000758594 0.0742518 0.278464 0.00132228 0.999971 -0.00754266 -0.276656 -0.0742439 0.00762002 0.997211 10.7706
0.997106 0.00161694 0.0760019 0.368231 -0.0011865 0.999983 -0.00570834 -0.325372 -0.0760098 0.00560165 0.997091 11.5609
0.996766 0.00491864 0.0802104 0.425415 -0.00433358 0.999963 -0.00746654 -0.347972 -0.0802441 0.0070948 0.99675 12.4008
0.996766 0.00669476 0.0800758 0.521505 -0.00603658 0.999946 -0.00845873 -0.404074 -0.0801281 0.00794799 0.996753 13.2103
0.996167 0.00492424 0.0873359 0.493881 -0.00373552 0.999898 -0.013769 -0.396388 -0.0873948 0.01339 0.996084 14.0081
0.995722 0.00491855 0.0922694 0.49422 -0.00331 0.99984 -0.0175781 -0.415983 -0.0923411 0.0171975 0.995579 14.8082
0.995351 0.00439627 0.0962139 0.524172 -0.00294891 0.99988 -0.0151801 -0.435072 -0.0962692 0.0148258 0.995245 15.6307
0.995127 0.0012907 0.0985951 0.582292 0.000150109 0.999893 -0.0146046 -0.462522 -0.0986034 0.0145482 0.99502 16.4658
0.994928 0.000155879 0.100588 0.615251 0.00120401 0.999909 -0.0134586 -0.493676 -0.100581 0.0135114 0.994837 17.2754
0.994866 -0.00400591 0.101122 0.696958 0.00549545 0.99988 -0.0144558 -0.498502 -0.101052 0.0149373 0.994769 18.0851
0.994854 -0.0052563 0.101182 0.753601 0.00678964 0.999867 -0.0148159 -0.495392 -0.10109 0.0154267 0.994758 18.891
0.994489 -0.00451442 0.104742 0.75896 0.0061499 0.999864 -0.0152967 -0.490627 -0.104659 0.0158566 0.994382 19.7405
0.994406 -0.00524182 0.10549 0.807079 0.00683035 0.999869 -0.0147029 -0.531266 -0.1054 0.0153412 0.994312 20.5783
0.994232 -0.00531267 0.107119 0.838386 0.00692083 0.999869 -0.0146465 -0.547419 -0.107028 0.0153034 0.994138 21.3996
0.994124 -0.00482601 0.108143 0.886021 0.00674224 0.999827 -0.0173607 -0.557384 -0.108041 0.0179878 0.993984 22.221
0.994155 -0.00677422 0.107748 0.966797 0.00855186 0.999835 -0.0160445 -0.579416 -0.107622 0.0168722 0.994049 23.0493
0.994317 -0.00855454 0.106117 1.09493 0.0100284 0.99986 -0.0133633 -0.618539 -0.105988 0.0143515 0.994264 23.884
0.994328 -0.00765804 0.106082 1.18959 0.00877109 0.999911 -0.0100297 -0.657347 -0.105996 0.0109033 0.994307 24.7219
0.99428 -0.00465087 0.106699 1.25908 0.0056145 0.999946 -0.0087326 -0.693097 -0.106653 0.00928171 0.994253 25.5694
0.99449 -0.00491614 0.10472 1.39058 0.00610712 0.99992 -0.0110554 -0.702408 -0.104657 0.011634 0.99444 26.4169
0.994334 -0.00275939 0.106268 1.46161 0.00419936 0.999902 -0.0133291 -0.731978 -0.10622 0.0136999 0.994248 27.2484
0.99436 0.00108837 0.106048 1.56933 0.000781669 0.999845 -0.0175907 -0.747396 -0.106051 0.0175744 0.994205 28.1063
0.994221 0.00561057 0.107204 1.62801 -0.00379925 0.999847 -0.0170929 -0.77029 -0.107283 0.0165868 0.99409 28.943
0.994092 0.00634373 0.108359 1.69412 -0.00453046 0.999846 -0.0169719 -0.795001 -0.10845 0.0163807 0.993967 29.8013
0.994526 0.000999766 0.104483 1.84622 0.000441399 0.999905 -0.0137692 -0.818348 -0.104487 0.01374 0.994431 30.6219
0.994439 -0.000395063 0.105317 1.90965 0.00157147 0.999937 -0.0110874 -0.857421 -0.105306 0.0111913 0.994377 31.4494
0.994643 -0.00618161 0.103185 2.05302 0.00698845 0.999948 -0.00745974 -0.91627 -0.103133 0.00814088 0.994634 32.289
0.994498 -0.00701006 0.104521 2.11919 0.00804282 0.999923 -0.0094627 -0.919231 -0.104447 0.0102513 0.994478 33.137
0.994485 -0.00725626 0.104624 2.20622 0.00882169 0.999856 -0.0145075 -0.93391 -0.104504 0.0153504 0.994406 33.9674
0.994974 -0.00927388 0.099701 2.36341 0.0111567 0.999769 -0.0183436 -0.941653 -0.0995079 0.0193638 0.994848 34.7671
0.994699 -0.00829678 0.102493 2.4251 0.010354 0.999755 -0.0195563 -0.959072 -0.102306 0.0205139 0.994541 35.6156
0.994557 -0.00768371 0.10391 2.52032 0.00963917 0.999786 -0.0183297 -0.974302 -0.103747 0.0192316 0.994418 36.4546
0.994235 -0.00423162 0.107137 2.57075 0.00596991 0.999856 -0.0159095 -1.00104 -0.107054 0.0164574 0.994117 37.2959
0.993578 -8.16824e-05 0.11315 2.59872 0.00209856 0.999841 -0.0177057 -1.02168 -0.113131 0.0178295 0.99342 38.1784
0.993481 0.000374737 0.114 2.69367 0.00173405 0.999829 -0.0183983 -1.04772 -0.113988 0.0184761 0.99331 39.0143
0.993359 0.00202441 0.115038 2.79605 -0.000107015 0.999861 -0.0166712 -1.07505 -0.115056 0.0165482 0.993221 39.8557
0.993033 0.00116101 0.117832 2.87047 0.000500085 0.999901 -0.0140666 -1.09347 -0.117837 0.0140275 0.992934 40.7151
0.992926 0.00130715 0.118725 2.96099 9.81102e-05 0.99993 -0.0118297 -1.13671 -0.118732 0.0117576 0.992857 41.5371
0.992768 0.00126724 0.120046 3.05027 0.000570089 0.999883 -0.0152697 -1.1505 -0.120051 0.0152277 0.992651 42.3702
0.992551 -0.00121675 0.121825 3.14572 0.00395723 0.999744 -0.0222559 -1.11502 -0.121766 0.0225722 0.992302 43.2205
0.992593 -0.00697109 0.121285 3.27195 0.0105798 0.999519 -0.0291359 -1.08027 -0.121023 0.0302032 0.99219 44.0687
0.992236 -0.00472392 0.124283 3.3637 0.00865248 0.999479 -0.031089 -1.06534 -0.124071 0.031923 0.99176 44.944
0.992365 -0.00459621 0.123254 3.57356 0.00846922 0.999486 -0.0309176 -1.12202 -0.123048 0.0317254 0.991893 45.7964
0.992061 -0.00141767 0.125747 3.65262 0.00551597 0.999465 -0.0322495 -1.12945 -0.125633 0.0326871 0.991538 46.6582
0.991705 -0.00166028 0.128525 3.77372 0.00610766 0.999396 -0.0342167 -1.16425 -0.128391 0.0347179 0.991116 47.504
0.991506 -0.00210731 0.13004 3.90799 0.00686159 0.999324 -0.0361229 -1.21161 -0.129876 0.0367084 0.99085 48.3632
0.991071 -0.00120056 0.133331 4.03104 0.00638998 0.999238 -0.0385004 -1.23602 -0.133183 0.0390086 0.990324 49.203
0.990593 0.00750941 0.136635 4.13345 -0.00166861 0.999082 -0.0428119 -1.1988 -0.136831 0.0421812 0.989696 50.0692
0.991073 0.00542683 0.133207 4.38729 0.000713844 0.998941 -0.0460078 -1.19826 -0.133315 0.0456922 0.99002 50.9502
0.990116 0.00611358 0.140117 4.41943 0.000369173 0.998932 -0.0461942 -1.24291 -0.14025 0.0457893 0.989057 51.7811
0.989546 0.00690365 0.14405 4.51956 7.1735e-05 0.99883 -0.0483621 -1.30932 -0.144215 0.0478669 0.988388 52.6194
0.988914 0.00949312 0.148185 4.59628 -0.00153541 0.998555 -0.0537235 -1.33537 -0.148481 0.0529004 0.987499 53.4344
0.988533 0.00418105 0.150947 4.71999 0.00366023 0.998659 -0.0516322 -1.43178 -0.15096 0.0515927 0.987193 54.2577
0.9879 0.00489753 0.155016 4.84104 0.00332151 0.998604 -0.0527172 -1.44839 -0.155058 0.0525942 0.986504 55.0994
0.987592 0.00475775 0.156972 4.97935 0.00306331 0.998767 -0.0495449 -1.50307 -0.157015 0.049411 0.986359 55.9302
0.986917 0.00385954 0.161185 5.06897 0.00425642 0.998741 -0.0499762 -1.56563 -0.161175 0.0500084 0.985658 56.7418
0.986424 0.00319738 0.164189 5.1896 0.00508048 0.998738 -0.0499719 -1.62674 -0.164142 0.0501276 0.985162 57.5705
0.985793 0.00520038 0.167887 5.33718 0.00335795 0.998711 -0.0506526 -1.66468 -0.167934 0.0504968 0.984504 58.4135
0.985192 0.0099676 0.171166 5.50015 -0.00145901 0.99876 -0.0497637 -1.71533 -0.171449 0.048777 0.983985 59.261
0.984677 0.00881848 0.174166 5.65514 0.000138095 0.998681 -0.0513465 -1.76453 -0.174389 0.0505838 0.983377 60.1133
0.984126 0.0105571 0.177159 5.82036 -0.00110901 0.998576 -0.0533454 -1.79643 -0.17747 0.0523021 0.982735 60.9711
0.983222 0.0121122 0.182013 5.95293 -0.00210262 0.998479 -0.0550862 -1.82392 -0.182404 0.0537792 0.981752 61.7961
0.982552 0.0121393 0.185594 6.06717 -0.00223638 0.998567 -0.0534744 -1.8885 -0.185977 0.0521263 0.98117 62.6051
0.98224 0.012431 0.187218 6.25839 -0.00315092 0.998755 -0.0497847 -1.94226 -0.187604 0.0483106 0.981056 63.4562
0.981519 0.0099376 0.191106 6.38821 -0.000648939 0.998818 -0.0486061 -1.9908 -0.191363 0.0475838 0.980365 64.277
0.981015 0.0130678 0.193493 6.56266 -0.00332763 0.998715 -0.0505786 -2.02747 -0.193905 0.0489745 0.979797 65.1045
0.980464 0.0118644 0.196341 6.74873 -0.00214372 0.998764 -0.0496478 -2.20101 -0.196688 0.048257 0.979278 65.9355
0.980373 0.0121572 0.196778 6.97206 -0.00172165 0.998587 -0.0531167 -2.27625 -0.197146 0.0517354 0.979008 66.7652
0.979803 0.0126692 0.199563 7.1582 -0.00247291 0.998682 -0.0512596 -2.36223 -0.199949 0.0497308 0.978543 67.6346
0.98059 0.0102694 0.195799 7.46441 -0.000696545 0.998804 -0.0488978 -2.46596 -0.196067 0.0478123 0.979424 68.4318
0.979392 0.00836297 0.201796 7.56096 0.00163451 0.998781 -0.0493251 -2.4842 -0.201962 0.0486385 0.978185 69.2509
0.979204 0.0141265 0.202388 7.79122 -0.00363635 0.998635 -0.0521101 -2.49242 -0.202848 0.0502904 0.977918 70.1072
0.978252 0.0176919 0.206664 7.93276 -0.00656533 0.998498 -0.0544011 -2.51775 -0.207316 0.0518612 0.976898 70.9252
0.977716 0.0170271 0.209239 8.0991 -0.00510851 0.99834 -0.0573707 -2.57306 -0.209869 0.0550234 0.97618 71.7214
0.977026 0.017407 0.212409 8.25001 -0.00499566 0.998256 -0.0588288 -2.6383 -0.213062 0.0564161 0.975409 72.5113
0.976207 0.0200144 0.215915 8.4151 -0.00556336 0.997715 -0.0673307 -2.59664 -0.216769 0.0645275 0.974088 73.3228
0.975999 0.021458 0.216716 8.62 -0.00705752 0.997728 -0.0670053 -2.67408 -0.217662 0.0638676 0.973932 74.1395
0.976454 0.0212605 0.214675 8.85499 -0.00765885 0.997921 -0.0639932 -2.75435 -0.21559 0.0608422 0.974587 74.9399
0.975515 0.0202139 0.219001 9.00172 -0.006207 0.997901 -0.0644581 -2.81581 -0.219845 0.0615205 0.973593 75.7437
0.975182 0.0189964 0.22059 9.19753 -0.00466242 0.997853 -0.0653201 -2.88474 -0.221357 0.0626705 0.973177 76.5498
0.974059 0.0234416 0.225077 9.36052 -0.00848534 0.997704 -0.0671886 -2.92935 -0.226135 0.0635358 0.972022 77.3647
0.97328 0.0235358 0.228414 9.53863 -0.00844755 0.99773 -0.0668108 -3.00009 -0.229468 0.063096 0.971269 78.1881
0.972632 0.0262978 0.230857 9.72548 -0.0115302 0.997813 -0.0650865 -3.0795 -0.232063 0.0606434 0.970808 78.9871
0.972013 0.0294778 0.233068 9.93161 -0.0142528 0.997669 -0.0667406 -3.14181 -0.234492 0.0615509 0.970167 79.7867
0.972418 0.0265531 0.231729 10.2241 -0.0116769 0.997795 -0.0653336 -3.25122 -0.232953 0.0608256 0.970584 80.5812
0.971194 0.0247031 0.237006 10.3576 -0.00891744 0.997683 -0.0674468 -3.31319 -0.238123 0.0633905 0.969164 81.3926
0.97029 0.0249458 0.240656 10.5401 -0.00862865 0.997606 -0.0686198 -3.39063 -0.241792 0.0645045 0.968182 82.1789
0.969342 0.024229 0.244519 10.7256 -0.0076816 0.997628 -0.0684016 -3.46535 -0.245596 0.0644262 0.967229 82.9716
0.968716 0.0262095 0.246785 10.9322 -0.0098538 0.997686 -0.0672786 -3.54917 -0.247977 0.0627421 0.966732 83.7569
0.967744 0.0274024 0.250439 11.132 -0.0111058 0.997741 -0.0662552 -3.63364 -0.251689 0.0613367 0.965862 84.5295
0.965715 0.0266259 0.258234 11.2827 -0.00998339 0.9978 -0.0655459 -3.7072 -0.259411 0.0607207 0.963856 85.3418
0.965346 0.0263665 0.259639 11.5122 -0.00953749 0.997783 -0.0658645 -3.75919 -0.2608 0.0611057 0.963457 86.1392
0.963809 0.0292449 0.264985 11.7069 -0.0125387 0.997838 -0.0645195 -3.80553 -0.266299 0.0588619 0.962092 86.939
0.962198 0.0303489 0.270653 11.8788 -0.0138337 0.997935 -0.0627203 -3.87197 -0.271998 0.0566052 0.960632 87.7186
0.961041 0.0274604 0.275038 12.102 -0.0099966 0.997855 -0.0646977 -3.88246 -0.276224 0.0594277 0.959254 88.5134
0.959805 0.0267229 0.279393 12.3042 -0.00827468 0.997719 -0.0670019 -3.93947 -0.280546 0.0619968 0.957836 89.2678
0.958395 0.0290567 0.283963 12.5214 -0.00964217 0.997533 -0.0695304 -4.00146 -0.285283 0.0638996 0.956311 90.0322
0.957591 0.0308334 0.286477 12.7741 -0.0104861 0.997328 -0.0722906 -4.01791 -0.287941 0.0662208 0.955356 90.784
0.957685 0.0270234 0.286547 13.1005 -0.00783386 0.997661 -0.0679044 -4.12467 -0.287712 0.0627862 0.955657 91.5591
0.956776 0.0271782 0.289553 13.3305 -0.0079539 0.997697 -0.0673642 -4.17309 -0.290717 0.0621494 0.954789 92.2973
0.955564 0.0257358 0.293657 13.5643 -0.00605374 0.997685 -0.0677373 -4.24863 -0.29472 0.0629496 0.953508 93.0516
0.956366 0.026149 0.290998 13.9408 -0.00545122 0.997411 -0.0717116 -4.28659 -0.292119 0.0669962 0.954032 93.8029
0.955187 0.0240462 0.295024 14.1826 -0.00212022 0.997225 -0.0744152 -4.33913 -0.295995 0.0704549 0.952588 94.552
0.953484 0.0229869 0.300566 14.3929 -0.00117818 0.997365 -0.0725397 -4.43548 -0.301441 0.0688113 0.950998 95.3003
0.951363 0.0226395 0.30724 14.5783 -0.00137716 0.997599 -0.0692454 -4.50508 -0.30807 0.0654543 0.949109 96.0637
0.94982 0.0233443 0.311923 14.8179 -0.00152497 0.997545 -0.0700124 -4.52789 -0.312792 0.0660235 0.947524 96.8302
0.947967 0.0272846 0.317196 15.0551 -0.00483054 0.997439 -0.0713612 -4.59796 -0.318331 0.0661158 0.945671 97.5765
0.945912 0.025341 0.323432 15.2922 -0.000869511 0.997139 -0.0755833 -4.66379 -0.324422 0.071214 0.943228 98.3288
0.94459 0.0261133 0.327211 15.5582 9.24538e-05 0.996809 -0.079818 -4.72086 -0.328251 0.0754256 0.941574 99.0496
0.942705 0.030017 0.332274 15.8075 -0.00334481 0.996745 -0.0805543 -4.78556 -0.33361 0.0748276 0.939737 99.7661
0.941394 0.0297462 0.335995 16.0691 -0.00372611 0.99696 -0.0778226 -4.87255 -0.337289 0.0720098 0.938643 100.501
0.94009 0.0257807 0.33995 16.3433 9.67454e-05 0.997117 -0.0758857 -4.92607 -0.340926 0.0713722 0.937377 101.231
0.938938 0.023262 0.343299 16.6288 0.00286824 0.997148 -0.0754117 -4.99045 -0.344075 0.0717916 0.936194 101.948
0.937231 0.0254033 0.347783 16.8885 0.000903078 0.997163 -0.07527 -5.06162 -0.348709 0.0708594 0.934549 102.661
0.935778 0.0270892 0.351547 17.1621 -1.12148e-05 0.997047 -0.0767997 -5.12291 -0.352589 0.0718635 0.933015 103.386
0.934798 0.0276224 0.354105 17.4269 -0.0014794 0.997265 -0.0738875 -5.22634 -0.355177 0.068546 0.932282 104.08
0.933114 0.0277832 0.358505 17.6889 -0.00150138 0.997303 -0.0733805 -5.29367 -0.359577 0.0679342 0.930639 104.81
0.931392 0.0271237 0.363006 17.9636 -0.000880542 0.997385 -0.072265 -5.36092 -0.364017 0.0669873 0.92898 105.532
0.930592 0.0281358 0.364976 18.2498 -0.00179867 0.997381 -0.0723014 -5.44315 -0.366055 0.0666266 0.928205 106.239
0.928588 0.0254658 0.370237 18.5134 0.00012711 0.997621 -0.0689376 -5.52381 -0.371112 0.0640617 0.926376 106.944
0.928574 0.0277424 0.370109 18.8417 0.000196955 0.997166 -0.0752391 -5.54236 -0.371147 0.069938 0.925937 107.664
0.927409 0.0302219 0.372827 19.1089 -0.00200471 0.997118 -0.0758412 -5.61877 -0.374044 0.0695884 0.924796 108.364
0.92615 0.0309986 0.37588 19.3802 -0.00205236 0.997016 -0.0771665 -5.6741 -0.377151 0.0706963 0.92345 109.039
0.925226 0.0289444 0.37831 19.663 -0.000540024 0.997185 -0.0749735 -5.7535 -0.379415 0.0691632 0.922638 109.725
0.923907 0.0310882 0.381353 19.9292 -0.00274091 0.997206 -0.0746526 -5.8159 -0.382608 0.0679268 0.92141 110.414
0.923351 0.0312163 0.382686 20.2138 -0.00385224 0.997393 -0.0720642 -5.88188 -0.383938 0.0650664 0.921064 111.107
0.923344 0.0333806 0.38252 20.49 -0.0058737 0.997325 -0.0728533 -5.94224 -0.383929 0.0650218 0.921071 111.747
0.923148 0.0348613 0.382862 20.7987 -0.00749181 0.997322 -0.0727467 -6.01893 -0.384373 0.0642876 0.920937 112.408
0.924166 0.0361341 0.380278 21.1324 -0.00900108 0.997299 -0.0728888 -6.0898 -0.381885 0.0639384 0.921995 113.097
0.925147 0.0363893 0.377862 21.4325 -0.00979065 0.997351 -0.0720768 -6.14382 -0.379484 0.0629821 0.923052 113.749
0.926267 0.0393123 0.374811 21.7112 -0.0124859 0.9972 -0.0737357 -6.19348 -0.37666 0.0636191 0.924164 114.4
0.926955 0.0400474 0.373028 21.9781 -0.0128501 0.997092 -0.0751135 -6.25357 -0.374951 0.0648334 0.924775 115.067
0.92778 0.034849 0.371497 22.2411 -0.00689511 0.99706 -0.0763113 -6.3188 -0.373064 0.0682386 0.925293 115.765
0.92951 0.0350782 0.367125 22.559 -0.0088998 0.99731 -0.0727583 -6.41691 -0.36869 0.0643622 0.927322 116.37
0.929896 0.0387264 0.365779 22.8404 -0.0124197 0.997181 -0.0740016 -6.46906 -0.367613 0.0642709 0.927755 117.049
0.930551 0.0403938 0.363927 23.1153 -0.013724 0.997046 -0.0755744 -6.52199 -0.365905 0.0653313 0.928356 117.708
0.930832 0.0401889 0.36323 23.3811 -0.01303 0.996953 -0.0769145 -6.59949 -0.365214 0.0668616 0.928519 118.393
0.930797 0.0419902 0.363116 23.642 -0.0142142 0.996787 -0.078831 -6.6547 -0.365259 0.0682143 0.928403 119.101
0.928918 0.0430396 0.367775 23.8562 -0.0158671 0.996936 -0.0765916 -6.74267 -0.369945 0.0653118 0.926755 119.845
0.930513 0.0434941 0.363667 24.1679 -0.0180422 0.997162 -0.0730948 -6.82788 -0.365814 0.0614543 0.928657 120.492
0.929967 0.0452414 0.36485 24.4152 -0.0207599 0.997278 -0.0707476 -6.89028 -0.367057 0.0582187 0.928375 121.19
0.930337 0.0410577 0.364399 24.7011 -0.0171679 0.997499 -0.0685596 -6.97205 -0.366303 0.0575275 0.928716 121.871
0.929566 0.0380015 0.366691 24.9561 -0.0146739 0.997699 -0.0661966 -7.03069 -0.368362 0.0561534 0.927985 122.586
0.928544 0.0359184 0.369481 25.1848 -0.0126031 0.997784 -0.065325 -7.10168 -0.371009 0.0560005 0.926939 123.273
0.928585 0.0369187 0.369278 25.4793 -0.0136077 0.997758 -0.0655331 -7.18452 -0.37087 0.0558281 0.927005 123.974
0.926829 0.0408437 0.373256 25.7207 -0.0154235 0.997368 -0.0708393 -7.24145 -0.375167 0.059899 0.92502 124.703
0.925796 0.039567 0.375947 25.9765 -0.0149216 0.997557 -0.0682436 -7.33984 -0.377728 0.0575699 0.924125 125.368
0.924712 0.0433697 0.378189 26.2158 -0.0176712 0.997308 -0.0711607 -7.35347 -0.380258 0.0591201 0.922989 126.038
0.921976 0.0468267 0.384406 26.461 -0.0229121 0.997519 -0.0665601 -7.41832 -0.386569 0.0525593 0.920762 126.751
0.921359 0.0525011 0.385151 26.7499 -0.0283592 0.997275 -0.0681008 -7.44566 -0.387676 0.0518227 0.920338 127.408
0.919741 0.0543419 0.388746 27.0017 -0.0282529 0.996967 -0.0725198 -7.44534 -0.391507 0.0557163 0.918487 128.07
0.917899 0.0573635 0.392646 27.2688 -0.0288141 0.996519 -0.0782266 -7.49129 -0.395766 0.0604904 0.916357 128.734
0.915904 0.0566278 0.397384 27.5287 -0.0271014 0.996464 -0.0795335 -7.58213 -0.400482 0.0620754 0.914199 129.39
0.914561 0.0610174 0.399819 27.8038 -0.0308454 0.996198 -0.0814756 -7.64876 -0.40327 0.0621818 0.912966 130.032
0.912456 0.0601278 0.404733 28.053 -0.0295893 0.996251 -0.0812964 -7.70338 -0.408104 0.0622036 0.910814 130.702
0.911529 0.0569492 0.407274 28.3363 -0.0281046 0.996676 -0.0764639 -7.79021 -0.410274 0.0582528 0.9101 131.362
0.910276 0.053932 0.410473 28.6232 -0.0242969 0.996729 -0.0770786 -7.83078 -0.413287 0.0601896 0.908609 132.041
0.909248 0.0550285 0.412602 28.9275 -0.0247731 0.99662 -0.0783263 -7.89666 -0.415518 0.0609966 0.907538 132.689
0.908081 0.0529016 0.41544 29.2124 -0.0222073 0.996677 -0.0783742 -7.95928 -0.418205 0.0619443 0.906238 133.33
0.907434 0.0523915 0.416916 29.5149 -0.0219621 0.996754 -0.0774552 -8.02706 -0.41962 0.0611291 0.905639 133.978
0.907676 0.046842 0.41705 29.825 -0.0156939 0.996845 -0.0778066 -8.11028 -0.419379 0.064078 0.905547 134.639
0.907044 0.0503176 0.418019 30.1257 -0.018888 0.996696 -0.0789896 -8.20962 -0.420613 0.0637515 0.904998 135.31
0.906255 0.0493439 0.419841 30.4271 -0.0162835 0.996502 -0.0819697 -8.28661 -0.422417 0.067449 0.903889 135.976
0.905466 0.0509042 0.421356 30.7354 -0.0161102 0.996188 -0.0857302 -8.33583 -0.424114 0.0708376 0.902834 136.65
0.904507 0.0522597 0.423244 31.0496 -0.0172743 0.996138 -0.0860807 -8.39403 -0.426108 0.0705493 0.901917 137.34
0.903804 0.0553016 0.424359 31.3585 -0.0211001 0.996168 -0.0848793 -8.4744 -0.427427 0.0677602 0.901507 138.006
0.903072 0.0570322 0.425686 31.6704 -0.022026 0.99599 -0.0867128 -8.55578 -0.428924 0.0689318 0.900707 138.696
0.903292 0.0585545 0.425011 32.0124 -0.0223869 0.995726 -0.0896031 -8.62808 -0.428442 0.0714231 0.900742 139.368
0.902741 0.0572547 0.426358 32.3072 -0.0201807 0.995649 -0.0909744 -8.70268 -0.429711 0.0735221 0.899968 140.063
0.902668 0.0547516 0.42684 32.614 -0.0186885 0.995925 -0.0882274 -8.80313 -0.429931 0.0716631 0.900013 140.724
0.900933 0.0563817 0.43028 32.8951 -0.0185308 0.995618 -0.0916605 -8.83438 -0.433562 0.0746065 0.89803 141.462
0.899567 0.0573346 0.433003 33.1999 -0.0194856 0.995628 -0.0913511 -8.91859 -0.436348 0.0737391 0.896751 142.183
0.90139 0.0574669 0.429177 33.5834 -0.0199735 0.995617 -0.0913634 -8.98432 -0.432546 0.0737819 0.898588 142.828
0.900723 0.0583207 0.43046 33.9225 -0.0214364 0.995707 -0.090048 -9.06385 -0.433864 0.0718808 0.898106 143.541
0.899563 0.0580358 0.432918 34.2453 -0.0218562 0.995873 -0.0880887 -9.1538 -0.436244 0.0697794 0.897119 144.253
0.898314 0.0586053 0.435428 34.57 -0.0222117 0.995854 -0.0882102 -9.24858 -0.438792 0.0695689 0.895892 144.972
0.896374 0.0580694 0.439479 34.9017 -0.022735 0.996101 -0.0852462 -9.37839 -0.442716 0.0664209 0.894199 145.712
0.895314 0.0618109 0.441126 35.2433 -0.0255036 0.995814 -0.0877717 -9.46546 -0.444705 0.0673329 0.893143 146.439
0.895294 0.0611803 0.441255 35.5915 -0.0233688 0.995611 -0.0906273 -9.54674 -0.444863 0.0708264 0.892794 147.133
0.893521 0.062737 0.444617 35.9113 -0.0259647 0.995753 -0.0883245 -9.64417 -0.44827 0.0673754 0.891355 147.86
0.893294 0.0618854 0.445193 36.2755 -0.0267153 0.996035 -0.0848518 -9.7486 -0.448679 0.0639041 0.891405 148.567
0.892887 0.0623798 0.445939 36.6384 -0.0282993 0.996174 -0.0826861 -9.83292 -0.449391 0.0612095 0.891236 149.284
0.892799 0.0633115 0.445984 36.9992 -0.0286072 0.996044 -0.08413 -9.89831 -0.449546 0.0623529 0.891078 149.993
0.892181 0.0651827 0.446949 37.3433 -0.0295663 0.995838 -0.0862132 -9.97999 -0.450709 0.0637032 0.890395 150.76
0.892154 0.0670505 0.446728 37.693 -0.0306725 0.995632 -0.0881812 -10.0616 -0.450689 0.0649689 0.890314 151.489
0.891143 0.0688875 0.448463 38.0255 -0.0312908 0.995385 -0.0907211 -10.1197 -0.452642 0.0668128 0.889186 152.266
0.891526 0.0674855 0.447913 38.3804 -0.0295935 0.995405 -0.0910711 -10.186 -0.452001 0.067937 0.889427 153.034
0.892224 0.0675781 0.446508 38.735 -0.0305918 0.995513 -0.0895397 -10.2792 -0.450555 0.06623 0.890288 153.795
0.89307 0.0660564 0.445041 39.0812 -0.030161 0.995728 -0.087269 -10.3677 -0.448905 0.0645144 0.891248 154.55
0.895512 0.0665924 0.440026 39.4555 -0.0325585 0.995895 -0.0844553 -10.4645 -0.443844 0.0613042 0.894004 155.249
0.896652 0.0692683 0.437283 39.7917 -0.0346631 0.995637 -0.0866381 -10.4957 -0.441376 0.0625267 0.895141 155.983
0.89631 0.0692675 0.437984 40.0968 -0.0356591 0.995784 -0.0845097 -10.5855 -0.441991 0.0601288 0.895002 156.762
0.898458 0.0703445 0.433388 40.4548 -0.037213 0.995731 -0.0844736 -10.661 -0.43748 0.0597683 0.89724 157.493
0.900181 0.0703415 0.429798 40.7992 -0.0372488 0.995689 -0.0849413 -10.7362 -0.43392 0.060453 0.898921 158.223
0.903068 0.0681119 0.424062 41.1484 -0.0356712 0.995828 -0.0839838 -10.8195 -0.428013 0.0607163 0.901731 158.944
0.905295 0.0667358 0.419508 41.4807 -0.0345877 0.995883 -0.0837863 -10.8976 -0.423372 0.0613416 0.903877 159.679
0.906506 0.0676441 0.416738 41.7661 -0.0358831 0.995854 -0.0835906 -10.979 -0.420664 0.0608216 0.905175 160.42
0.908446 0.0700445 0.412092 42.1058 -0.0390209 0.995766 -0.0832328 -11.075 -0.416177 0.0595323 0.907333 161.154
0.909606 0.0712336 0.409319 42.3976 -0.0401204 0.995648 -0.0841149 -11.1682 -0.413529 0.0600894 0.908506 161.895
0.910441 0.0723643 0.407261 42.7049 -0.0402599 0.995406 -0.0868673 -11.232 -0.411676 0.0626912 0.909171 162.674
0.911912 0.0734943 0.403751 43.0633 -0.0413711 0.995285 -0.0877298 -11.3194 -0.408295 0.0632983 0.910653 163.455
0.913165 0.0760991 0.400424 43.3997 -0.0445542 0.995166 -0.087522 -11.3892 -0.405149 0.0620814 0.912141 164.224
0.914794 0.0753735 0.396826 43.7493 -0.0453174 0.995384 -0.084595 -11.4719 -0.401371 0.0594038 0.913987 164.981
0.915858 0.0724655 0.394908 44.0281 -0.0429897 0.995622 -0.0829957 -11.554 -0.399194 0.0590353 0.914964 165.728
0.918139 0.074869 0.389121 44.3916 -0.0470537 0.99564 -0.0805425 -11.6586 -0.393454 0.0556396 0.917659 166.474
0.918882 0.07529 0.387281 44.6747 -0.0467742 0.995489 -0.0825506 -11.7182 -0.391749 0.0577395 0.918258 167.272
0.920871 0.0766361 0.38226 45.0008 -0.0475837 0.995253 -0.0848998 -11.7725 -0.386952 0.0599924 0.920146 168.044
0.922055 0.0767258 0.379377 45.3003 -0.0479895 0.995255 -0.084646 -11.8507 -0.384071 0.0598422 0.921362 168.827
0.922978 0.0779946 0.376866 45.5452 -0.0491223 0.995114 -0.0856399 -11.9229 -0.381704 0.0605313 0.9223 169.589
0.922737 0.0807278 0.376882 45.7924 -0.0522536 0.994993 -0.085192 -12.0137 -0.381873 0.0589163 0.922335 170.421
0.924726 0.0804302 0.372038 46.0834 -0.0520095 0.994952 -0.0858235 -12.086 -0.377063 0.0600137 0.924241 171.166
0.926502 0.0805345 0.36757 46.3732 -0.0525038 0.994941 -0.0856495 -12.1562 -0.372608 0.0600557 0.926044 171.934
0.927896 0.082438 0.363611 46.6662 -0.0552435 0.994884 -0.0845847 -12.2276 -0.368724 0.0583986 0.927703 172.711
0.929398 0.0804685 0.360201 46.9424 -0.0532936 0.994975 -0.0847668 -12.2894 -0.365212 0.0595856 0.929015 173.499
0.931167 0.0796001 0.355799 47.239 -0.0525707 0.994992 -0.0850183 -12.3755 -0.360784 0.0604616 0.930687 174.292
0.933735 0.0777103 0.349428 47.5485 -0.0507893 0.995037 -0.0855709 -12.4458 -0.354343 0.0621534 0.933048 175.048
0.935109 0.076716 0.345956 47.8316 -0.0500728 0.995095 -0.0853176 -12.5431 -0.350804 0.0624583 0.934364 175.827
0.935616 0.074986 0.344963 48.017 -0.0481418 0.995153 -0.0857491 -12.6244 -0.349721 0.0636211 0.934691 176.599
0.937396 0.0745364 0.340196 48.3236 -0.0474932 0.995062 -0.0871511 -12.7069 -0.345012 0.0655381 0.936307 177.397
0.939841 0.0754907 0.333168 48.6559 -0.0491696 0.995016 -0.0867517 -12.7955 -0.338056 0.0651511 0.938868 178.19
0.942245 0.0746004 0.32651 48.944 -0.0486865 0.995032 -0.086843 -12.8797 -0.331366 0.0659308 0.941196 178.964
0.942603 0.0755193 0.325265 49.1611 -0.0490126 0.99483 -0.0889413 -12.9484 -0.3303 0.0678942 0.941431 179.791
0.943815 0.078358 0.321051 49.4391 -0.0516152 0.994513 -0.0909914 -13.0096 -0.32642 0.0693079 0.942681 180.6
0.945226 0.0801943 0.316412 49.6885 -0.0540141 0.994415 -0.0906758 -13.0928 -0.321916 0.0686184 0.944278 181.378
0.946025 0.0815404 0.31367 49.9358 -0.0561888 0.994441 -0.0890465 -13.1758 -0.319187 0.0666154 0.945348 182.193
0.946923 0.0837999 0.310347 50.1644 -0.058832 0.994295 -0.0889727 -13.2592 -0.316032 0.0659919 0.946451 183
0.947624 0.0823497 0.308588 50.3875 -0.0575896 0.994408 -0.0885192 -13.3489 -0.314152 0.0661116 0.947068 183.835
0.948661 0.0810964 0.305723 50.6234 -0.0565625 0.994488 -0.0882855 -13.4379 -0.311197 0.0664605 0.948019 184.64
0.949987 0.0804742 0.301741 50.8941 -0.0562003 0.994508 -0.0882965 -13.5129 -0.307189 0.0669226 0.949292 185.425
0.950454 0.0805269 0.300255 51.1338 -0.0561558 0.994452 -0.0889465 -13.6079 -0.305751 0.0676785 0.949703 186.248
0.950114 0.0799988 0.301469 51.3285 -0.0554192 0.994468 -0.0892354 -13.6957 -0.306939 0.0680767 0.949291 187.088
0.951397 0.07671 0.298259 51.622 -0.0520676 0.994605 -0.0897179 -13.7777 -0.303532 0.0698278 0.950259 187.873
0.950889 0.0773357 0.299714 51.8539 -0.0528803 0.994638 -0.0888773 -13.8543 -0.30498 0.0686635 0.94988 188.678
0.950746 0.0769315 0.300271 52.1126 -0.0528908 0.994768 -0.0873986 -13.945 -0.305424 0.0672123 0.949841 189.473
0.95188 0.0770377 0.29663 52.4267 -0.0538256 0.99487 -0.0856519 -14.045 -0.301707 0.065564 0.951144 190.248
0.952313 0.0742979 0.295939 52.6674 -0.0510345 0.995023 -0.0855829 -14.114 -0.300825 0.0663986 0.951365 190.998
0.953672 0.0762755 0.291018 52.9934 -0.0525387 0.994686 -0.0885358 -14.1631 -0.296225 0.0691444 0.952612 191.749
0.954152 0.0756528 0.289604 53.2564 -0.0519313 0.9947 -0.0887469 -14.272 -0.294783 0.0696385 0.953023 192.501
0.954151 0.0768677 0.289289 53.4896 -0.0526551 0.994496 -0.0905796 -14.3393 -0.294659 0.071194 0.952947 193.257
0.954976 0.077271 0.286443 53.7656 -0.0531687 0.994431 -0.0909984 -14.4228 -0.291879 0.0716715 0.953766 194.03
0.95482 0.0752237 0.287506 53.9692 -0.0516839 0.994724 -0.0886174 -14.5292 -0.292655 0.0697543 0.95367 194.83
0.954139 0.0773967 0.289185 54.1584 -0.0539084 0.994631 -0.0883346 -14.597 -0.294469 0.0686941 0.953189 195.543
0.953897 0.0794646 0.289423 54.3868 -0.0551489 0.994301 -0.0912345 -14.661 -0.295024 0.0710669 0.952843 196.29
0.955661 0.0771262 0.284191 54.7128 -0.0527727 0.994324 -0.0923872 -14.7983 -0.289703 0.0732933 0.954306 197.025
0.954943 0.0797194 0.285882 54.9008 -0.0542645 0.993911 -0.0958945 -14.8795 -0.291786 0.0760605 0.953455 197.784
0.95571 0.0742435 0.28479 55.1585 -0.0482516 0.994092 -0.0972302 -15.0156 -0.290326 0.0791823 0.953646 198.508
0.955023 0.0727481 0.287469 55.3733 -0.0464477 0.994172 -0.0972819 -15.1183 -0.292871 0.0795542 0.952837 199.25
0.954846 0.0740911 0.287714 55.5944 -0.0481064 0.994183 -0.0963661 -15.2043 -0.29318 0.0781739 0.952856 199.958
0.954711 0.0740773 0.288167 55.8414 -0.0488488 0.994393 -0.093784 -15.3126 -0.293499 0.07546 0.952977 200.661
0.954887 0.0722291 0.288052 56.0968 -0.0483669 0.994846 -0.0891225 -15.4921 -0.293004 0.0711698 0.953459 201.35
0.954324 0.0728935 0.289746 56.3132 -0.0488166 0.994791 -0.089482 -15.5682 -0.29476 0.0712504 0.952911 202.051
0.952988 0.0720999 0.294306 56.4691 -0.0467065 0.994624 -0.0924258 -15.6009 -0.299388 0.0743346 0.951231 202.814
0.953199 0.0713222 0.293809 56.7317 -0.0464222 0.99478 -0.0908761 -15.6645 -0.298757 0.0729838 0.951534 203.459
0.952608 0.0718624 0.29559 56.9532 -0.0476063 0.994941 -0.0884626 -15.7558 -0.300452 0.0701982 0.95121 204.089
0.951748 0.0701961 0.298745 57.1561 -0.0463178 0.995194 -0.0862802 -15.8134 -0.303366 0.0682798 0.950425 204.729
0.951258 0.0668203 0.301072 57.3624 -0.0425702 0.99535 -0.086406 -15.8682 -0.305445 0.0693777 0.949679 205.358
0.951417 0.0664759 0.300643 57.5983 -0.0423591 0.995391 -0.0860431 -15.9384 -0.304977 0.0691279 0.949847 205.961
0.950196 0.0654653 0.3047 57.7672 -0.0409037 0.995428 -0.0863126 -15.9863 -0.308958 0.0695505 0.948529 206.56
0.949706 0.0672557 0.305834 57.9439 -0.0427309 0.995361 -0.0861967 -16.0513 -0.310213 0.068793 0.948175 207.102
0.948839 0.0682531 0.308297 58.1099 -0.0431201 0.99522 -0.0876197 -16.116 -0.312803 0.0698431 0.947246 207.638
0.947929 0.0654065 0.311694 58.2762 -0.0398995 0.995363 -0.0875262 -16.1599 -0.315973 0.0705322 0.946143 208.131
0.947373 0.0652294 0.313415 58.4713 -0.039193 0.995289 -0.0886736 -16.2169 -0.317723 0.0717233 0.945467 208.587
0.946332 0.0634383 0.31691 58.632 -0.0366135 0.995278 -0.0899001 -16.2563 -0.321116 0.0734721 0.944185 209.053
0.944608 0.0657891 0.32154 58.784 -0.0382579 0.995096 -0.0912102 -16.3111 -0.325964 0.0738564 0.942493 209.496
0.942851 0.067862 0.326232 58.9234 -0.0392603 0.994847 -0.0934785 -16.3583 -0.330895 0.0753283 0.940656 209.949
0.941543 0.0671076 0.330141 59.0654 -0.0376746 0.994787 -0.0947641 -16.4018 -0.334779 0.0767865 0.939163 210.399
0.941091 0.0658587 0.331678 59.2475 -0.0350966 0.994577 -0.0979036 -16.4399 -0.336327 0.0804955 0.938299 210.772
0.939477 0.0641386 0.336556 59.3872 -0.0331846 0.994737 -0.0969378 -16.4864 -0.341002 0.0799023 0.936661 211.232
0.940289 0.0647715 0.334159 59.5863 -0.0349099 0.994902 -0.0946134 -16.5537 -0.338583 0.0772985 0.937756 211.571
0.942388 0.0659005 0.327965 59.8305 -0.0364893 0.994804 -0.0950436 -16.5881 -0.332524 0.0776007 0.939897 211.936
0.943453 0.0654219 0.324987 59.9661 -0.035468 0.994627 -0.0972594 -16.6314 -0.329603 0.0802331 0.940704 212.362
0.946779 0.0648526 0.315283 60.1139 -0.036135 0.994716 -0.0960981 -16.6888 -0.319849 0.0795909 0.94412 212.685
0.95152 0.0611514 0.301446 60.2923 -0.033865 0.994908 -0.0949316 -16.7325 -0.305716 0.0801209 0.948746 213.041
0.957631 0.059093 0.281869 60.4657 -0.0344498 0.9952 -0.0915998 -16.7962 -0.285929 0.0780086 0.95507 213.386
0.964271 0.0594906 0.25815 60.6397 -0.036332 0.994949 -0.0935741 -16.8301 -0.262413 0.0808517 0.961562 213.735
0.970543 0.0625752 0.232661 60.7525 -0.0414869 0.994664 -0.0944569 -16.8805 -0.23733 0.0820221 0.96796 214.093
0.976692 0.0654808 0.204415 60.8179 -0.0468866 0.994418 -0.0945214 -16.8997 -0.209463 0.0827339 0.97431 214.48
0.982887 0.0641397 0.172681 60.8574 -0.0491638 0.994759 -0.0896515 -16.9363 -0.177526 0.0796277 0.980889 214.86
0.988426 0.0643748 0.137367 60.8736 -0.0534291 0.995204 -0.0819363 -16.9785 -0.141983 0.0736486 0.987126 215.2
0.993332 0.0607184 0.0980058 60.8899 -0.0533304 0.995656 -0.0763204 -17.0151 -0.102214 0.0705848 0.992255 215.57
0.996613 0.0604856 0.0557216 60.8722 -0.0562684 0.995642 -0.0743739 -17.0342 -0.0599773 0.0709866 0.995672 215.94
0.998134 0.0603375 0.00934214 60.8486 -0.0595024 0.995577 -0.0727055 -17.0679 -0.0136877 0.072014 0.99731 216.279
0.997867 0.0534219 -0.0375137 60.7998 -0.0560069 0.995858 -0.0716233 -17.0804 0.0335321 0.0735715 0.996726 216.658
0.995265 0.0477448 -0.0846656 60.7377 -0.0537352 0.996102 -0.069946 -17.1132 0.080996 0.0741643 0.993951 216.996
0.990009 0.0443638 -0.133846 60.6693 -0.0539604 0.99616 -0.0689435 -17.1297 0.130273 0.075477 0.988601 217.338
0.982234 0.0426542 -0.182749 60.5694 -0.0562516 0.995968 -0.0698776 -17.1539 0.179031 0.078916 0.980673 217.681
0.971822 0.0423658 -0.231879 60.4468 -0.060038 0.99576 -0.0696918 -17.1664 0.227944 0.0816496 0.970245 218.046
0.958633 0.0394402 -0.2819 60.3302 -0.0600501 0.996087 -0.0648463 -17.1986 0.27824 0.079092 0.95725 218.386
0.943669 0.0366847 -0.328852 60.1615 -0.061146 0.996052 -0.0643504 -17.205 0.325193 0.0808335 0.942187 218.675
0.925104 0.0345848 -0.378136 59.9923 -0.062723 0.996082 -0.0623479 -17.2327 0.374498 0.0813961 0.923648 219.001
0.903978 0.0296587 -0.426548 59.7974 -0.0601231 0.996497 -0.0581297 -17.282 0.42333 0.0781934 0.902595 219.307
0.879671 0.0255448 -0.474896 59.6008 -0.0565805 0.997086 -0.0511729 -17.3289 0.472205 0.0718852 0.878553 219.593
0.853364 0.0254396 -0.520694 59.3645 -0.0596216 0.997018 -0.0490024 -17.2952 0.517895 0.0728615 0.852336 219.928
0.825885 0.0271076 -0.563187 59.1064 -0.0616813 0.997193 -0.0424552 -17.3143 0.560455 0.0698012 0.825238 220.202
0.795117 0.0304816 -0.605689 58.8533 -0.0652731 0.997236 -0.0355007 -17.3276 0.602933 0.0677625 0.794909 220.475
0.762055 0.0352509 -0.646552 58.5744 -0.0700255 0.997147 -0.0281694 -17.3389 0.643714 0.0667417 0.76235 220.732
0.725333 0.0381663 -0.68734 58.2951 -0.0713897 0.997249 -0.0199611 -17.3598 0.684687 0.0635474 0.726062 220.998
0.687858 0.038577 -0.72482 57.9458 -0.0711447 0.997362 -0.0144342 -17.3578 0.72235 0.0614958 0.688787 221.289
0.649172 0.0367451 -0.759754 57.6165 -0.0708069 0.997415 -0.0122614 -17.3457 0.757339 0.0617555 0.650095 221.525
0.608405 0.0344167 -0.79288 57.2455 -0.0693149 0.997546 -0.00988717 -17.3209 0.790594 0.0609738 0.609298 221.804
0.568845 0.0390419 -0.821517 56.8965 -0.0716226 0.997429 -0.00219181 -17.3276 0.81932 0.060086 0.570179 222.027
0.53335 0.0428743 -0.844807 56.5178 -0.0735109 0.997286 0.00420313 -17.3261 0.842694 0.0598608 0.535054 222.209
0.499762 0.0467683 -0.864899 56.1327 -0.0748655 0.997137 0.0106595 -17.3253 0.862921 0.0594239 0.501833 222.398
0.467807 0.0500899 -0.88241 55.7295 -0.0748895 0.997049 0.016895 -17.3313 0.880652 0.0581796 0.470178 222.611
0.441811 0.0514323 -0.895633 55.3445 -0.0761731 0.996901 0.0196719 -17.3078 0.893869 0.0595319 0.444359 222.77
0.419667 0.0545699 -0.906036 54.9129 -0.0765101 0.996765 0.0245958 -17.2937 0.904448 0.0589989 0.422484 222.95
0.402393 0.0612283 -0.913417 54.4733 -0.0787544 0.996377 0.0320952 -17.2842 0.912073 0.0590208 0.405757 223.125
0.388291 0.0634856 -0.919347 54.0027 -0.0802585 0.996163 0.0348925 -17.2543 0.918035 0.060237 0.391896 223.318
0.377339 0.0665029 -0.923684 53.5315 -0.0802894 0.996012 0.0389109 -17.2276 0.922588 0.0594794 0.381174 223.513
0.369632 0.0690227 -0.926611 53.0636 -0.0770887 0.996077 0.043446 -17.2128 0.925975 0.0553723 0.373503 223.691
0.363059 0.0711289 -0.929047 52.5697 -0.0790909 0.995836 0.0453347 -17.1894 0.928403 0.0570201 0.367173 223.884
0.359449 0.0695469 -0.93057 52.073 -0.079889 0.995851 0.0435673 -17.1686 0.929739 0.0586821 0.363513 224.066
0.357227 0.0699589 -0.931394 51.5731 -0.088263 0.995257 0.0409034 -17.1383 0.929838 0.0675958 0.361707 224.243
0.357292 0.065986 -0.931659 51.0605 -0.084498 0.995694 0.0381164 -17.1221 0.930163 0.0651047 0.361329 224.446
0.358697 0.0590099 -0.931587 50.543 -0.0817228 0.996153 0.0316333 -17.0899 0.92987 0.0647851 0.36214 224.653
0.359521 0.0556936 -0.931474 50.0097 -0.0794463 0.99642 0.0289129 -17.0777 0.929749 0.0636074 0.362658 224.87
0.360492 0.0576979 -0.930976 49.4689 -0.0783673 0.99643 0.0314091 -17.0615 0.929464 0.0616354 0.363727 225.082
0.362189 0.0620505 -0.930037 48.9016 -0.0809803 0.996104 0.0349219 -17.0337 0.92858 0.0626663 0.365802 225.291
0.364241 0.0686879 -0.928768 48.3245 -0.0834322 0.995673 0.0409157 -17.0156 0.92756 0.062586 0.368396 225.511
0.366663 0.0722328 -0.927545 47.7398 -0.0871159 0.995267 0.0430692 -16.9997 0.926266 0.065012 0.37122 225.71
0.370101 0.0711964 -0.926259 47.1641 -0.0869484 0.995337 0.0417644 -16.9785 0.924914 0.0650797 0.374566 225.92
0.370891 0.0658717 -0.926337 46.5933 -0.0881107 0.995478 0.0355101 -16.9508 0.924487 0.0684498 0.375018 226.157
0.374042 0.0635709 -0.925231 46.0262 -0.0938292 0.995123 0.0304409 -16.9286 0.922653 0.0754275 0.378182 226.356
0.376711 0.0624229 -0.924225 45.4369 -0.0955742 0.995021 0.0282488 -16.9096 0.921387 0.0776904 0.380802 226.602
0.382083 0.0666616 -0.921721 44.8308 -0.0985737 0.994644 0.0310737 -16.9052 0.918856 0.0789847 0.386607 226.812
0.385587 0.0686804 -0.920112 44.2409 -0.0975482 0.994671 0.0333667 -16.8939 0.9175 0.0768895 0.390232 227.055
0.389524 0.0722944 -0.918175 43.6402 -0.101089 0.994247 0.0353983 -16.8824 0.915452 0.0790293 0.394591 227.303
0.392492 0.073292 -0.916831 43.0333 -0.104876 0.993885 0.0345548 -16.8733 0.913757 0.0825909 0.397778 227.568
0.396002 0.0747358 -0.915203 42.4212 -0.11014 0.993353 0.0334605 -16.8633 0.91162 0.0875503 0.401601 227.823
0.400282 0.0697939 -0.91373 41.8098 -0.108317 0.993709 0.0284522 -16.8546 0.909968 0.0875832 0.405324 228.097
0.406491 0.0698628 -0.91098 41.1873 -0.109217 0.993638 0.0274677 -16.8331 0.907104 0.0883296 0.411535 228.348
0.408955 0.0719432 -0.909714 40.6172 -0.112529 0.993255 0.0279633 -16.8419 0.90559 0.0909336 0.414292 228.632
0.414859 0.071254 -0.907092 40.0079 -0.10911 0.993631 0.0281504 -16.795 0.90332 0.0872943 0.419991 228.914
0.42046 0.0729687 -0.904372 39.3949 -0.111423 0.993369 0.0283468 -16.7982 0.900443 0.0888488 0.425802 229.195
0.428593 0.0674696 -0.900975 38.7283 -0.110079 0.993678 0.0220474 -16.7335 0.896767 0.0897287 0.433311 229.486
0.435398 0.0683417 -0.89764 38.108 -0.110791 0.993602 0.0219087 -16.7353 0.893394 0.0899118 0.440184 229.795
0.441919 0.0652422 -0.89468 37.4751 -0.103577 0.994392 0.0213526 -16.6977 0.891055 0.0832321 0.446198 230.117
0.449677 0.062955 -0.89097 36.8264 -0.0956132 0.995174 0.0220615 -16.6764 0.888059 0.0752679 0.453527 230.437
0.457058 0.0622032 -0.887259 36.1808 -0.0957162 0.995198 0.0204638 -16.6682 0.884272 0.075572 0.460817 230.758
0.463833 0.0610819 -0.883815 35.5356 -0.0977764 0.995055 0.0174562 -16.657 0.880511 0.0783194 0.467511 231.08
0.469081 0.0563868 -0.881353 34.9112 -0.0985509 0.995069 0.0112105 -16.62 0.877639 0.0815995 0.472325 231.41
0.477437 0.0586108 -0.876709 34.2297 -0.107389 0.994185 0.00798271 -16.6203 0.872079 0.0903375 0.480955 231.724
