1 0 0 0 0 1 0 0 0 0 1 0
1 -0.00049953 -0.000816983 0.00847277 0.000499381 1 -0.000183257 0.00993632 0.000817074 0.000182849 1 0.655559
0.999999 0.000437033 -0.00143096 0.012329 -0.000434554 0.999998 0.00173175 0.000278707 0.00143172 -0.00173112 0.999997 1.31692
0.999999 0.000682053 -0.00144731 0.00407186 -0.000677356 0.999995 0.0032435 -0.00920424 0.00144951 -0.00324252 0.999994 1.97177
0.999994 -0.00330864 0.00128529 -0.080332 0.00330829 0.999994 0.000273375 0.0544394 -0.00128619 -0.000269121 0.999999 2.7906
0.999999 -0.0016687 0.00016626 -0.0699156 0.00166978 0.999976 -0.00671841 0.258512 -0.000155045 0.00671868 0.999977 3.49939
0.999991 -0.00314906 -0.00291831 0.0103282 0.00313354 0.999981 -0.00530897 0.244279 0.00293497 0.00529978 0.999982 4.22213
0.999991 -0.00263576 -0.00319494 0.00757872 0.00262135 0.999986 -0.00450689 0.237036 0.00320678 0.00449848 0.999985 4.96347
0.999994 -0.00168238 -0.00312141 0.0078949 0.0016693 0.99999 -0.00418788 0.207263 0.00312842 0.00418265 0.999986 5.75693
0.999981 -0.00106534 -0.00601066 0.0537134 0.00101897 0.99997 -0.00771281 0.197696 0.00601869 0.00770654 0.999952 6.50395
0.999988 -0.000600084 -0.00477462 -0.0069285 0.000532774 0.999901 -0.0140863 0.205066 0.00478259 0.0140836 0.999889 7.33804
0.999977 0.00303461 -0.00599502 -0.00223907 -0.00313486 0.999854 -0.0167849 0.228867 0.00594321 0.0168033 0.999841 8.12845
0.999962 0.00712585 -0.0049255 -0.0446367 -0.007198 0.999865 -0.0147903 0.210615 0.00481944 0.0148252 0.999878 8.95644
0.999932 0.0116307 -0.000362422 -0.160431 -0.011634 0.999871 -0.0110673 0.190985 0.000233654 0.0110708 0.999939 9.85978
0.999902 0.0138867 -0.00158778 -0.137123 -0.013905 0.99983 -0.0121287 0.209886 0.00141908 0.0121496 0.999925 10.7189
0.999882 0.0153209 0.000533104 -0.198732 -0.0153168 0.999859 -0.0069342 0.106416 -0.000639267 0.00692522 0.999976 11.5872
0.999818 0.01904 0.000827449 -0.20887 -0.0190309 0.999769 -0.00996462 0.121536 -0.00101699 0.00994706 0.99995 12.5175
0.999774 0.0211938 0.00192794 -0.22045 -0.0211728 0.999722 -0.0103415 0.0935776 -0.00214658 0.0102984 0.999945 13.3762
0.999829 0.0184455 0.000988243 -0.216725 -0.0184342 0.999775 -0.0104935 0.0684306 -0.00118158 0.0104735 0.999944 14.2858
0.999733 0.0230006 0.00208265 -0.237665 -0.022981 0.999695 -0.00899823 0.0584339 -0.00228898 0.00894797 0.999957 15.198
0.999712 0.0238555 0.00254343 -0.257435 -0.0238265 0.999657 -0.010888 0.0548836 -0.0028023 0.0108242 0.999937 16.1289
0.999736 0.022941 0.00136732 -0.236803 -0.0229212 0.999652 -0.0130806 0.0258768 -0.00166693 0.0130458 0.999914 17.0337
0.999684 0.0251282 0.000793305 -0.237482 -0.0251132 0.999569 -0.0152196 0.0135547 -0.0011754 0.0151949 0.999884 17.9312
0.999615 0.0276338 0.00239972 -0.272604 -0.0275933 0.999498 -0.0155425 -0.00317344 -0.00282801 0.0154703 0.999876 18.8504
0.999558 0.0295449 0.00333789 -0.28426 -0.0295016 0.999489 -0.0123403 -0.0450394 -0.00370077 0.0122364 0.999918 19.7531
0.999496 0.0315114 0.00373504 -0.285597 -0.0314664 0.999438 -0.0115474 -0.0612589 -0.00409681 0.0114241 0.999926 20.6664
0.999371 0.0348953 0.00629451 -0.324329 -0.0348439 0.99936 -0.00810181 -0.0929877 -0.00657319 0.00787739 0.999947 21.6207
0.999395 0.0341023 0.00689217 -0.331512 -0.0340209 0.999354 -0.0116005 -0.0756635 -0.00728332 0.011359 0.999909 22.5819
0.999422 0.0326817 0.00939567 -0.371237 -0.0325689 0.999398 -0.0119179 -0.0687955 -0.00977952 0.011605 0.999885 23.5115
0.999447 0.032316 0.00788218 -0.356093 -0.032226 0.999417 -0.0112933 -0.0864439 -0.00824253 0.011033 0.999905 24.4321
0.999423 0.0328942 0.0085119 -0.372538 -0.0327779 0.999372 -0.0134533 -0.0995763 -0.00894909 0.0131665 0.999873 25.3444
0.999442 0.0324994 0.00767003 -0.367884 -0.0323485 0.999295 -0.0190425 -0.0986047 -0.0082835 0.0187838 0.999789 26.2821
0.999621 0.0269985 0.00541988 -0.319589 -0.0268917 0.99946 -0.0188979 -0.156868 -0.00592717 0.018745 0.999807 27.2603
0.999867 0.0163225 0.000575101 -0.211365 -0.016316 0.999818 -0.00990361 -0.238379 -0.000736648 0.0098929 0.999951 28.197
0.999949 0.00998624 -0.00156943 -0.192843 -0.00999049 0.999946 -0.00272384 -0.246639 0.00154215 0.00273938 0.999995 29.1795
0.999981 0.00476919 -0.0040126 -0.163808 -0.00475879 0.999985 0.00259929 -0.278786 0.00402494 -0.00258014 0.999989 30.1118
0.999986 0.000954236 -0.00529361 -0.189357 -0.000949788 0.999999 0.000842679 -0.264823 0.00529441 -0.000837639 0.999986 31.0236
0.999916 -0.00265782 -0.0126701 -0.133952 0.00266216 0.999996 0.000325792 -0.295218 0.0126691 -0.000359494 0.99992 31.9416
0.999814 -0.00640014 -0.0182003 -0.132209 0.00640116 0.99998 -1.83233e-06 -0.309936 0.0181999 -0.000114671 0.999834 32.8449
0.999645 -0.00833507 -0.0252919 -0.148691 0.00833964 0.999965 7.48773e-05 -0.310342 0.0252904 -0.000285776 0.99968 33.7708
0.99939 -0.00806831 -0.033975 -0.161782 0.00817997 0.999962 0.00314857 -0.321152 0.0339483 -0.00342456 0.999418 34.7139
0.999101 -0.00909328 -0.0414169 -0.216926 0.00947609 0.999914 0.00905602 -0.345731 0.041331 -0.00944035 0.999101 35.6187
0.998628 -0.00703697 -0.0518928 -0.258806 0.00765852 0.999901 0.0117884 -0.374772 0.0518047 -0.0121697 0.998583 36.4895
0.997906 -0.00893018 -0.0640652 -0.36073 0.00979234 0.999866 0.0131562 -0.347522 0.0639391 -0.013756 0.997859 37.4195
0.996794 -0.00927113 -0.0794728 -0.437244 0.0105194 0.999828 0.0153027 -0.345334 0.0793172 -0.0160896 0.99672 38.3641
0.995392 -0.00861577 -0.095505 -0.514941 0.0103443 0.999791 0.0176185 -0.368704 0.0953333 -0.0185252 0.995273 39.2943
0.993245 -0.00783461 -0.115775 -0.52282 0.00963276 0.999841 0.0149802 -0.327432 0.115639 -0.0159942 0.993163 40.2753
0.990588 -0.00671458 -0.136711 -0.526675 0.0081178 0.99992 0.00970915 -0.253337 0.136635 -0.0107276 0.990563 41.2553
0.98851 -0.00571911 -0.151046 -0.726832 0.00739062 0.999917 0.0105072 -0.267381 0.150974 -0.0115028 0.988471 42.148
0.985149 -0.00624053 -0.171585 -0.789652 0.0079137 0.999928 0.00906897 -0.17975 0.171516 -0.0102922 0.985128 43.064
0.981995 -0.00754406 -0.188755 -0.969245 0.00941959 0.999915 0.0090412 -0.164312 0.18867 -0.0106564 0.981983 44.0193
0.978452 -0.00848599 -0.206301 -1.16139 0.0105889 0.999903 0.00909125 -0.161142 0.206204 -0.0110798 0.978446 44.9507
0.974804 -0.0089086 -0.222883 -1.37368 0.0110331 0.999905 0.00828832 -0.13946 0.222788 -0.0105386 0.97481 45.8688
0.971145 -0.00834399 -0.238345 -1.63276 0.0109936 0.999892 0.0097894 -0.135844 0.238237 -0.0121272 0.971131 46.8049
0.966952 -0.00633632 -0.254878 -1.88288 0.00932911 0.999901 0.0105349 -0.149106 0.254786 -0.0125645 0.966916 47.7048
0.962125 -0.00887969 -0.272462 -2.11314 0.0120968 0.999876 0.01013 -0.14651 0.272339 -0.0130422 0.962113 48.6129
0.957324 -0.0110539 -0.288806 -2.41091 0.0138695 0.999874 0.00770439 -0.110056 0.288684 -0.0113812 0.957357 49.5024
0.951928 -0.00961889 -0.306172 -2.7047 0.0129232 0.999878 0.00876715 -0.0998095 0.30605 -0.0123024 0.951936 50.3927
0.945921 -0.00849639 -0.324286 -2.99619 0.0104702 0.999936 0.00434231 -0.0526988 0.324229 -0.00750283 0.945949 51.2915
0.940057 -0.0091378 -0.340896 -3.32633 0.00989092 0.999951 0.000471314 -0.051673 0.340875 -0.00381484 0.940101 52.1803
0.934155 -0.00833901 -0.356771 -3.67997 0.00775262 0.999965 -0.0030736 -0.0475549 0.356784 0.000105309 0.934187 53.043
0.92854 -0.00599386 -0.371184 -4.05623 0.00622644 0.99998 -0.000571795 -0.080343 0.37118 -0.00178022 0.928559 53.8997
0.923052 -0.00204608 -0.384671 -4.45487 0.00220431 0.999998 -2.95962e-05 -0.0719044 0.38467 -0.000820615 0.923054 54.7181
0.91655 -0.000722202 -0.39992 -4.82252 0.00127717 0.999999 0.00112121 -0.074292 0.399918 -0.00153841 0.91655 55.574
0.910403 0.000452822 -0.413723 -5.23196 8.81769e-05 0.999999 0.00128854 -0.0851769 0.413723 -0.00120957 0.910402 56.4249
0.903924 0.00318341 -0.427681 -5.62807 -0.00326786 0.999995 0.000536619 -0.0954357 0.42768 0.000912535 0.90393 57.2506
0.897736 0.00638245 -0.440487 -6.04677 -0.00677143 0.999977 0.000688665 -0.0946778 0.440481 0.00236449 0.897759 58.0906
0.890619 0.00853693 -0.45467 -6.44913 -0.00853082 0.999961 0.00206499 -0.0885834 0.45467 0.00203959 0.890657 58.9517
0.886288 0.0136148 -0.462933 -6.88732 -0.0127729 0.999906 0.0049532 -0.109623 0.462957 0.00152304 0.886379 59.6939
0.881308 0.0193136 -0.472147 -7.31069 -0.0197037 0.999797 0.00411868 -0.104609 0.472131 0.00567323 0.88151 60.4773
0.877395 0.0193974 -0.479377 -7.76528 -0.0211695 0.999774 0.00170853 -0.113402 0.479302 0.00864911 0.877607 61.2418
0.873214 0.021538 -0.48686 -8.2028 -0.0248756 0.99969 -0.000391127 -0.100932 0.486701 0.0124525 0.87348 62.0657
0.87009 0.0241052 -0.492304 -8.6554 -0.0261706 0.999654 0.00269349 -0.129378 0.492198 0.0105403 0.870419 62.8259
0.867134 0.0288344 -0.49724 -9.11245 -0.0293137 0.999547 0.00684272 -0.153684 0.497212 0.00864238 0.867586 63.601
0.865329 0.0316765 -0.500203 -9.54556 -0.030599 0.999478 0.0103594 -0.195915 0.50027 0.00634138 0.865846 64.2765
0.862809 0.0332539 -0.504436 -9.97485 -0.0329438 0.999412 0.0095357 -0.204103 0.504456 0.00839057 0.863396 64.9781
0.860045 0.0317086 -0.509232 -10.4033 -0.0336876 0.999418 0.00533615 -0.212931 0.509105 0.0125654 0.860613 65.6959
0.858314 0.0331116 -0.512056 -10.8197 -0.0352562 0.999363 0.00552588 -0.251223 0.511913 0.0133102 0.858934 66.3653
0.85609 0.0330465 -0.51577 -11.2428 -0.0367135 0.999321 0.00309064 -0.244671 0.515522 0.0162899 0.856722 67.046
0.85355 0.0331574 -0.519955 -11.6695 -0.0357857 0.999347 0.00498277 -0.261365 0.51978 0.0143539 0.854179 67.7473
0.85095 0.0321707 -0.524261 -12.0888 -0.0343825 0.999394 0.00551902 -0.264373 0.524121 0.013329 0.85154 68.4333
0.850503 0.0347864 -0.524819 -12.5297 -0.0371164 0.999292 0.00608617 -0.295846 0.524659 0.0143031 0.851192 69.0392
0.848136 0.0343153 -0.528666 -12.9444 -0.0368804 0.999303 0.00569702 -0.299591 0.528494 0.0146656 0.848811 69.7085
0.844671 0.032199 -0.534317 -13.3583 -0.0343192 0.999393 0.00597213 -0.291646 0.534185 0.0132929 0.845263 70.429
0.84401 0.0342241 -0.535234 -13.7906 -0.0375123 0.999285 0.0047434 -0.298085 0.535013 0.0160744 0.844691 71.0271
0.843605 0.0372 -0.535675 -14.2236 -0.0397559 0.999186 0.00677925 -0.30416 0.535491 0.0155772 0.844397 71.6767
0.843019 0.0420525 -0.536238 -14.65 -0.0413884 0.999055 0.0132808 -0.302307 0.53629 0.0109981 0.843962 72.2975
0.842036 0.0416007 -0.537815 -15.0573 -0.0370025 0.999128 0.0193506 -0.300398 0.53815 0.00360653 0.842841 72.9589
0.841352 0.0419627 -0.538856 -15.4695 -0.0364511 0.999117 0.0208913 -0.302367 0.539257 0.00206492 0.842139 73.5857
0.841054 0.0392827 -0.539523 -15.8874 -0.038244 0.999182 0.0131326 -0.312546 0.539598 0.00958834 0.841868 74.1751
0.839706 0.0304596 -0.542187 -16.2956 -0.0342904 0.999407 0.00303897 -0.312776 0.541958 0.0160399 0.840253 74.8456
0.839171 0.0258833 -0.543251 -16.6987 -0.0316635 0.999498 -0.00129001 -0.333996 0.542945 0.0182838 0.839569 75.4786
0.839308 0.0252086 -0.543071 -17.1062 -0.0312778 0.999509 -0.00194358 -0.341048 0.542755 0.0186173 0.839685 76.104
0.839811 0.0291076 -0.542098 -17.5195 -0.0362988 0.999338 -0.00257488 -0.351298 0.541664 0.0218399 0.840311 76.7183
0.840293 0.0286986 -0.541373 -17.929 -0.0366781 0.999319 -0.00395519 -0.3516 0.540891 0.02318 0.840773 77.3536
0.840465 0.0310261 -0.540977 -18.3302 -0.0388566 0.99924 -0.00305948 -0.343155 0.540471 0.0235919 0.841032 78.0022
0.841079 0.0334165 -0.53988 -18.746 -0.0387552 0.999248 0.00147286 -0.34388 0.539523 0.0196844 0.841741 78.6884
0.840833 0.0359929 -0.540096 -19.1339 -0.0393659 0.999211 0.00530344 -0.341318 0.539861 0.0168021 0.841587 79.3448
0.841333 0.0370074 -0.539249 -19.5319 -0.0394833 0.999196 0.0069709 -0.370099 0.539073 0.0154265 0.842117 79.9512
0.840459 0.0386589 -0.540494 -19.9173 -0.0437883 0.999035 0.00336591 -0.367386 0.540103 0.0208384 0.841341 80.5524
0.839731 0.0341519 -0.541928 -20.333 -0.0426179 0.999087 -0.00307588 -0.36581 0.541328 0.0256788 0.840419 81.2071
0.838832 0.031039 -0.543505 -20.7627 -0.043185 0.999021 -0.00959766 -0.364074 0.542675 0.0315221 0.839351 81.8545
0.837462 0.029929 -0.545675 -21.1818 -0.043251 0.998997 -0.0115858 -0.390259 0.544781 0.0333036 0.837917 82.4847
0.835344 0.0358065 -0.54856 -21.6161 -0.0492996 0.998735 -0.00988207 -0.3932 0.547512 0.0352987 0.836053 83.178
0.834256 0.0433342 -0.549671 -22.0548 -0.0525558 0.998617 -0.00103827 -0.44466 0.548866 0.0297546 0.83538 83.8127
0.833149 0.0473864 -0.551015 -22.5256 -0.056019 0.998429 0.00116108 -0.425609 0.550204 0.0299 0.834495 84.5138
0.829638 0.0469829 -0.556322 -22.9745 -0.05758 0.99834 -0.00155593 -0.394101 0.555325 0.0333238 0.830966 85.2844
0.827958 0.046835 -0.558831 -23.4309 -0.0589569 0.998254 -0.00368736 -0.419366 0.557682 0.0359999 0.829274 85.9932
0.825463 0.0464807 -0.562539 -23.8993 -0.060802 0.998127 -0.00674832 -0.436797 0.561172 0.039774 0.826743 86.7169
0.822724 0.0470863 -0.566488 -24.3831 -0.0633048 0.997954 -0.00898942 -0.440911 0.564906 0.0432572 0.824021 87.4522
0.819412 0.0438519 -0.571525 -24.8663 -0.0594646 0.998193 -0.008667 -0.465005 0.570112 0.0410874 0.820539 88.2312
0.815832 0.0435743 -0.576645 -25.3947 -0.0612842 0.998057 -0.0112858 -0.457297 0.575033 0.0445466 0.816917 89.0805
0.812209 0.041368 -0.581898 -25.9292 -0.0612255 0.998019 -0.0145074 -0.458408 0.580145 0.0474101 0.813132 89.8814
0.808375 0.0362991 -0.587548 -26.4295 -0.0583823 0.99812 -0.0186606 -0.462117 0.585766 0.0493871 0.808974 90.6465
0.805597 0.0361427 -0.591361 -26.9982 -0.0601151 0.997973 -0.0208994 -0.480372 0.589406 0.0523862 0.806136 91.4124
0.803416 0.0368442 -0.594277 -27.5674 -0.0616719 0.997865 -0.0215096 -0.513003 0.592216 0.0539314 0.803972 92.1397
0.800964 0.0352991 -0.597672 -28.1136 -0.0589051 0.998063 -0.0199944 -0.535247 0.595808 0.0512207 0.801492 92.8716
0.798788 0.0377034 -0.600429 -28.6734 -0.0614592 0.997927 -0.0190991 -0.566604 0.598464 0.052158 0.79945 93.5966
0.79826 0.0378924 -0.60112 -29.2558 -0.0620038 0.997887 -0.0194351 -0.596656 0.599113 0.052786 0.798923 94.3218
0.797987 0.0391062 -0.601405 -29.845 -0.0652655 0.997631 -0.0217282 -0.623036 0.599131 0.0565898 0.798649 95.0737
0.799764 0.0381222 -0.599103 -30.4618 -0.0662993 0.997486 -0.0250331 -0.648022 0.596642 0.0597407 0.800281 95.7993
0.800217 0.0399972 -0.598376 -31.0435 -0.0689211 0.997296 -0.0255071 -0.684224 0.595738 0.0616519 0.800809 96.5439
0.801337 0.041416 -0.596777 -31.6455 -0.0687707 0.997364 -0.0231271 -0.721643 0.594246 0.0595734 0.802074 97.3247
0.802193 0.0419171 -0.595591 -32.2446 -0.0687588 0.997381 -0.0224157 -0.752362 0.593092 0.0589338 0.802975 98.124
0.803529 0.0398349 -0.593932 -32.8615 -0.0678438 0.997385 -0.0248912 -0.780753 0.591387 0.0602954 0.80413 98.9396
0.804318 0.035127 -0.59316 -33.4603 -0.065562 0.997402 -0.0298351 -0.783749 0.590571 0.0628857 0.804532 99.7492
0.80512 0.0341057 -0.592131 -34.0728 -0.0673754 0.997142 -0.0341767 -0.796299 0.589273 0.0674114 0.805117 100.552
0.80536 0.0302041 -0.592016 -34.6788 -0.0645353 0.997232 -0.036914 -0.846797 0.589262 0.067935 0.805081 101.388
0.805775 0.0253005 -0.591682 -35.2587 -0.0619203 0.99721 -0.0416844 -0.909099 0.588976 0.0702253 0.805093 102.202
0.805225 0.02708 -0.592351 -35.8407 -0.0640509 0.997084 -0.0414861 -0.968006 0.589501 0.0713462 0.804611 103.024
0.806867 0.0326269 -0.589831 -36.4485 -0.0660764 0.997192 -0.0352298 -1.02026 0.587026 0.0673996 0.806758 103.806
0.8055 0.0435323 -0.590995 -37.0581 -0.0698614 0.997319 -0.0217561 -1.06421 0.588464 0.0588122 0.806382 104.662
0.807727 0.0484916 -0.58756 -37.6814 -0.0723244 0.997234 -0.0171231 -1.06018 0.585104 0.0563257 0.809 105.467
0.809004 0.0553787 -0.585189 -38.2972 -0.0781628 0.996846 -0.0137219 -1.08967 0.582583 0.0568411 0.810781 106.271
0.809382 0.0550071 -0.584701 -38.8715 -0.0786612 0.996787 -0.015113 -1.1291 0.581991 0.0582254 0.811108 107.097
0.810722 0.0472056 -0.583524 -39.4891 -0.0704361 0.997368 -0.0171763 -1.15668 0.581178 0.0550264 0.811914 107.947
0.811062 0.0465139 -0.583107 -40.0834 -0.0724962 0.997141 -0.0212964 -1.2067 0.58045 0.0595458 0.812116 108.764
0.810305 0.0429002 -0.584437 -40.6757 -0.073581 0.996872 -0.0288431 -1.2272 0.581371 0.0663752 0.810927 109.627
0.811164 0.0382036 -0.58357 -41.2547 -0.0717226 0.99683 -0.0344368 -1.27901 0.580404 0.069789 0.811332 110.451
0.811457 0.0436244 -0.582782 -41.8724 -0.0776136 0.996421 -0.0334804 -1.33659 0.579236 0.0723996 0.811939 111.285
0.8111 0.0492258 -0.582833 -42.4602 -0.0799644 0.996429 -0.0271246 -1.39318 0.579416 0.0686066 0.812139 112.131
0.811891 0.0497137 -0.581689 -43.0695 -0.0739414 0.9971 -0.017987 -1.41996 0.579108 0.0576143 0.813213 112.985
0.813683 0.0558969 -0.578615 -43.6964 -0.0756591 0.997083 -0.0100735 -1.44738 0.576364 0.0519741 0.815538 113.786
0.814315 0.0522411 -0.578068 -44.3081 -0.0697185 0.997534 -0.00806227 -1.45259 0.576221 0.0468672 0.815949 114.622
0.813888 0.0470511 -0.579114 -44.915 -0.0666448 0.997697 -0.0126031 -1.46836 0.577187 0.0488524 0.815149 115.499
0.814029 0.0403149 -0.579424 -45.514 -0.0633864 0.997796 -0.019627 -1.50795 0.577356 0.0527045 0.81479 116.338
0.813242 0.0418811 -0.580417 -46.1223 -0.0690797 0.997302 -0.0248277 -1.56149 0.577811 0.0602859 0.813941 117.176
0.814046 0.0425589 -0.579239 -46.7611 -0.0718297 0.997032 -0.0276916 -1.62345 0.576341 0.0641488 0.814687 118.011
0.81356 0.0415401 -0.579995 -47.3728 -0.0728005 0.996873 -0.0307198 -1.65309 0.576906 0.0672163 0.81404 118.861
0.812058 0.0432448 -0.581972 -47.9479 -0.0736642 0.99687 -0.0287131 -1.67916 0.578909 0.0661872 0.812702 119.728
0.812106 0.0457281 -0.581716 -48.5534 -0.0711016 0.997251 -0.0208687 -1.70439 0.579162 0.0583085 0.813124 120.569
0.812017 0.0493238 -0.581546 -49.1885 -0.0719044 0.997286 -0.015816 -1.73488 0.579188 0.0546586 0.81336 121.423
0.812269 0.0475904 -0.581338 -49.8129 -0.0683438 0.997566 -0.0138284 -1.75859 0.579265 0.0509632 0.813545 122.273
0.812198 0.0430916 -0.581789 -50.4174 -0.0652696 0.997719 -0.0172203 -1.76805 0.57972 0.0519594 0.813158 123.102
0.812418 0.0376287 -0.581861 -51.0283 -0.0609965 0.997925 -0.0206305 -1.7832 0.579877 0.0522521 0.813027 123.92
0.811409 0.0338513 -0.583498 -51.6177 -0.0583273 0.998028 -0.0232096 -1.79817 0.581561 0.0528664 0.811783 124.767
0.811065 0.0372758 -0.583767 -52.2454 -0.0601097 0.997996 -0.0197884 -1.83076 0.581859 0.0511397 0.81168 125.614
0.810758 0.0388215 -0.584092 -52.8479 -0.059419 0.998103 -0.0161389 -1.85907 0.582358 0.0477909 0.811527 126.443
0.809984 0.039966 -0.585089 -53.4293 -0.0603227 0.998061 -0.0153343 -1.89983 0.583341 0.0477146 0.810824 127.25
0.809567 0.0432577 -0.585431 -54.0715 -0.0672292 0.997552 -0.019259 -1.95447 0.583165 0.0549495 0.810493 128.128
0.80913 0.0409298 -0.586202 -54.6725 -0.0667003 0.997521 -0.0224171 -1.98064 0.583831 0.0572382 0.809855 128.957
0.808608 0.0426564 -0.586799 -55.2562 -0.0661111 0.997639 -0.0185791 -2.04444 0.584622 0.0538172 0.809519 129.776
0.809073 0.0450076 -0.585982 -55.8727 -0.0647995 0.997816 -0.0128302 -2.10788 0.584124 0.0483519 0.810223 130.548
0.808364 0.0426334 -0.587137 -56.4875 -0.0625708 0.997947 -0.0136834 -2.14035 0.585348 0.0477988 0.809372 131.384
0.808838 0.0372556 -0.58685 -57.0927 -0.056699 0.998282 -0.0147716 -2.15799 0.585292 0.0452216 0.809561 132.192
0.808928 0.0394966 -0.586579 -57.6511 -0.0575919 0.998266 -0.0122056 -2.21309 0.58508 0.0436557 0.8098 132.935
0.808107 0.0401689 -0.587665 -58.1723 -0.0574486 0.99829 -0.0107618 -2.24837 0.586228 0.0424572 0.809033 133.689
0.809688 0.0448709 -0.585143 -58.7764 -0.0622726 0.998013 -0.00963811 -2.33067 0.583547 0.0442422 0.810873 134.415
0.808633 0.045589 -0.586544 -59.3958 -0.0624019 0.998015 -0.00845926 -2.39302 0.584994 0.0434419 0.809873 135.278
0.808714 0.0489628 -0.58616 -60.0116 -0.0635394 0.99797 -0.00430235 -2.41174 0.58476 0.0407236 0.810184 136.094
0.809234 0.0513643 -0.585237 -60.6234 -0.0662282 0.997796 -0.00400358 -2.42599 0.583742 0.041999 0.810852 136.894
0.807492 0.04648 -0.588045 -61.2059 -0.06248 0.998022 -0.00691107 -2.44136 0.58656 0.0423216 0.808799 137.733
0.806701 0.0455837 -0.589199 -61.7967 -0.064915 0.997822 -0.0116813 -2.45125 0.587383 0.0476712 0.807904 138.541
0.80737 0.046783 -0.588188 -62.397 -0.066172 0.997742 -0.0114724 -2.47885 0.586323 0.0481841 0.808643 139.333
0.807042 0.0527843 -0.58813 -62.9976 -0.071944 0.997366 -0.00920974 -2.4846 0.586095 0.0497451 0.808714 140.117
0.806813 0.0527328 -0.588448 -63.5711 -0.0717909 0.997379 -0.00905318 -2.50405 0.586428 0.0495495 0.808484 140.903
0.806831 0.048509 -0.588787 -64.1538 -0.0699001 0.997461 -0.0136072 -2.51243 0.586632 0.052135 0.808174 141.683
0.807429 0.0431002 -0.588388 -64.7685 -0.0671785 0.997558 -0.0191147 -2.51365 0.586127 0.0549608 0.808353 142.476
0.806836 0.0407229 -0.589371 -65.3264 -0.0647309 0.997709 -0.0196779 -2.55109 0.587219 0.0540274 0.807623 143.251
0.806327 0.0385464 -0.590212 -65.8909 -0.0604909 0.998016 -0.0174607 -2.59025 0.588368 0.0497815 0.807059 144.021
0.808922 0.0416976 -0.586436 -66.501 -0.0625256 0.997926 -0.015291 -2.62759 0.584582 0.0490365 0.809851 144.77
0.810225 0.0420513 -0.584609 -67.0485 -0.0618179 0.997991 -0.0138888 -2.66133 0.58285 0.0473923 0.811196 145.481
0.808316 0.0403878 -0.587363 -67.5808 -0.0590727 0.998173 -0.012659 -2.66939 0.585778 0.0449296 0.809225 146.377
0.811329 0.0379087 -0.58336 -68.1568 -0.0551259 0.99841 -0.0117882 -2.71553 0.581985 0.0417223 0.812128 147.017
0.810729 0.0365208 -0.584282 -68.6729 -0.0553502 0.998363 -0.0143989 -2.74042 0.582799 0.0440137 0.811423 147.752
0.811642 0.0327049 -0.583238 -69.1826 -0.052833 0.998449 -0.0175353 -2.78031 0.581761 0.0450466 0.812112 148.441
0.813166 0.0330372 -0.581093 -69.7015 -0.0513865 0.998564 -0.0151369 -2.85137 0.579758 0.0421691 0.813696 149.119
0.814229 0.0403314 -0.579141 -70.2318 -0.0577188 0.998265 -0.0116291 -2.86497 0.577668 0.042896 0.815144 149.867
0.816597 0.0411877 -0.575737 -70.7435 -0.0585317 0.998218 -0.0116069 -2.87301 0.574233 0.043177 0.817553 150.573
0.820622 0.0397102 -0.57009 -71.2413 -0.0591993 0.998123 -0.0156898 -2.86819 0.568397 0.0466243 0.821433 151.222
0.824472 0.0400619 -0.564483 -71.7229 -0.0587951 0.998157 -0.0150347 -2.90168 0.562841 0.0455846 0.825308 151.893
0.827432 0.0428223 -0.559931 -72.1792 -0.0592339 0.998181 -0.0111935 -2.92157 0.558433 0.0424288 0.828464 152.598
0.831636 0.0406115 -0.553835 -72.6223 -0.0549486 0.998446 -0.00929674 -2.9502 0.552596 0.038164 0.832575 153.255
0.836718 0.0400346 -0.546168 -73.0484 -0.0528038 0.998575 -0.00769786 -3.03463 0.545082 0.0352807 0.83764 153.889
0.841488 0.0388151 -0.538879 -73.4748 -0.0532845 0.998516 -0.0112842 -3.08392 0.537641 0.0382094 0.842308 154.538
0.845778 0.033782 -0.532465 -73.8451 -0.0469591 0.998834 -0.0112201 -3.12261 0.531465 0.0344938 0.846378 155.205
0.852481 0.0297866 -0.521909 -74.2387 -0.0432288 0.998973 -0.0135956 -3.10437 0.520968 0.0341515 0.852893 155.802
0.858212 0.0262056 -0.512626 -74.5865 -0.037373 0.999235 -0.0114867 -3.15098 0.511933 0.0290164 0.858535 156.394
0.863388 0.0249641 -0.503922 -74.9334 -0.0350457 0.99933 -0.0105386 -3.17577 0.503322 0.0267592 0.863685 157.026
0.868426 0.0200582 -0.495413 -75.2513 -0.0297903 0.999487 -0.0117533 -3.19171 0.494923 0.0249654 0.868578 157.615
0.873179 0.016086 -0.487134 -75.5481 -0.0271628 0.999508 -0.0156835 -3.21231 0.486642 0.0269265 0.873186 158.187
0.877742 0.0132371 -0.478951 -75.8287 -0.0250364 0.99952 -0.0182581 -3.23352 0.478479 0.0280171 0.877652 158.756
0.882556 0.0100398 -0.470099 -76.1259 -0.02291 0.999503 -0.0216648 -3.26148 0.469648 0.0298904 0.882348 159.316
0.886922 0.00184026 -0.461915 -76.4072 -0.0156292 0.999539 -0.0260275 -3.26341 0.461654 0.0303037 0.886542 159.879
0.890782 0.00252751 -0.454424 -76.6453 -0.016861 0.99948 -0.0274925 -3.27603 0.454119 0.0321519 0.890361 160.419
0.894043 0.011279 -0.447839 -76.8947 -0.0263871 0.999273 -0.0275107 -3.3152 0.447203 0.0364129 0.893691 160.914
0.896878 0.0116511 -0.442125 -77.1544 -0.0284611 0.999101 -0.0314062 -3.32082 0.441362 0.0407509 0.896403 161.439
0.898562 0.0118026 -0.438687 -77.4075 -0.0276269 0.999177 -0.029706 -3.36477 0.437975 0.0388123 0.898149 161.962
0.898931 0.0105221 -0.437965 -77.6377 -0.0245787 0.999348 -0.026439 -3.36959 0.437401 0.0345314 0.898603 162.476
0.898219 0.0139882 -0.439325 -77.9102 -0.0274654 0.999326 -0.0243353 -3.37944 0.438689 0.0339247 0.897999 162.978
0.896362 0.0179926 -0.442958 -78.194 -0.0306979 0.999297 -0.0215293 -3.44723 0.442259 0.0328959 0.896284 163.471
0.891654 0.0142411 -0.452493 -78.43 -0.0283486 0.9993 -0.0244115 -3.45061 0.451828 0.0345941 0.891434 163.949
0.88343 0.00876294 -0.468481 -78.6542 -0.0247458 0.999302 -0.0279721 -3.47166 0.467909 0.0363043 0.88303 164.484
0.871766 -0.00136364 -0.489921 -78.865 -0.0158486 0.999394 -0.0309827 -3.48036 0.489666 0.0347743 0.871216 165.003
0.858399 -0.00287127 -0.512975 -79.167 -0.0150187 0.999415 -0.0307259 -3.51 0.512763 0.0340793 0.857853 165.48
0.840814 0.00240676 -0.541319 -79.4535 -0.0203465 0.999424 -0.02716 -3.56069 0.540942 0.0338504 0.840378 165.974
0.822994 0.00598431 -0.568019 -79.8143 -0.0246891 0.999376 -0.0252429 -3.53743 0.567514 0.0347986 0.822628 166.381
0.803337 0.0126363 -0.595391 -80.2036 -0.0294954 0.999392 -0.0185863 -3.58354 0.594794 0.0324923 0.803221 166.829
0.781047 0.0177238 -0.62422 -80.5624 -0.0306259 0.999481 -0.00994147 -3.61017 0.62372 0.0268821 0.781185 167.248
0.756471 0.0236434 -0.6536 -80.9873 -0.0316673 0.999498 -0.000495401 -3.60666 0.65326 0.0210725 0.75684 167.715
0.727869 0.0275392 -0.685163 -81.3982 -0.0357699 0.999358 0.00216838 -3.59343 0.684782 0.0229299 0.728387 168.207
0.699032 0.0262188 -0.714609 -81.8313 -0.0386066 0.999254 -0.0011027 -3.57192 0.714047 0.0283594 0.699523 168.647
0.670011 0.0235929 -0.741976 -82.3385 -0.0429759 0.999051 -0.00704041 -3.5734 0.741106 0.0366042 0.670389 169.026
0.63859 0.0172097 -0.769355 -82.8294 -0.0425573 0.99901 -0.0129771 -3.55668 0.76837 0.0410287 0.63869 169.392
0.606117 0.0219828 -0.795072 -83.3392 -0.0491359 0.998744 -0.00984427 -3.55583 0.793856 0.0450333 0.606435 169.739
0.572927 0.0293564 -0.81908 -83.881 -0.0533022 0.998577 -0.001494 -3.54358 0.817871 0.0445148 0.573677 170.058
0.537742 0.0326845 -0.842476 -84.422 -0.0545068 0.998506 0.00394679 -3.52663 0.841346 0.0437983 0.53872 170.397
0.503206 0.0312519 -0.863601 -85.0058 -0.0560751 0.998421 0.00345668 -3.51622 0.862345 0.0466871 0.504164 170.679
0.466571 0.025708 -0.88411 -85.6255 -0.0558838 0.998437 -0.000459168 -3.48693 0.882716 0.0496216 0.467279 170.96
0.425806 0.018647 -0.904622 -86.1855 -0.0529146 0.99859 -0.00432298 -3.45005 0.903266 0.0497085 0.426192 171.215
0.385639 0.0190975 -0.922452 -86.8206 -0.0541486 0.998531 -0.00196477 -3.45275 0.921059 0.0507071 0.386107 171.461
0.341791 0.0228896 -0.939497 -87.4727 -0.0560476 0.99842 0.00393493 -3.45989 0.938103 0.0513116 0.342534 171.72
0.298736 0.0232131 -0.954053 -88.1356 -0.0570302 0.998352 0.00643347 -3.42983 0.95263 0.0524879 0.299568 171.907
0.256843 0.0216241 -0.966211 -88.8238 -0.058971 0.998237 0.00666484 -3.39199 0.964652 0.0552666 0.257666 172.061
0.216418 0.0272247 -0.975921 -89.5213 -0.0610429 0.998033 0.0143048 -3.42548 0.974391 0.0564772 0.217654 172.151
0.176806 0.0258694 -0.983906 -90.2332 -0.063299 0.997884 0.0148622 -3.40472 0.982208 0.0596525 0.17807 172.275
0.13906 0.0251056 -0.989966 -90.9369 -0.0612064 0.997985 0.0167113 -3.41417 0.988391 0.0582684 0.140316 172.34
0.105074 0.0218932 -0.994223 -91.6633 -0.0642515 0.997818 0.0151819 -3.36664 0.992387 0.0622851 0.106251 172.369
0.0735839 0.0194546 -0.997099 -92.3827 -0.0604727 0.998057 0.0150106 -3.35271 0.995454 0.0591927 0.0746174 172.382
0.041318 0.016938 -0.999002 -93.1504 -0.0599439 0.998097 0.0144434 -3.34671 0.997346 0.0592873 0.0422547 172.41
0.0104289 0.0100992 -0.999895 -93.9211 -0.0544032 0.998474 0.00951743 -3.32596 0.998465 0.0542982 0.0109624 172.434
-0.0210693 0.00881799 -0.999739 -94.7031 -0.0436754 0.998998 0.00973191 -3.36139 0.998824 0.043869 -0.0206631 172.453
-0.0514875 0.00648376 -0.998653 -95.5137 -0.0344749 0.999371 0.00826585 -3.34827 0.998078 0.0348541 -0.0512316 172.439
-0.0770804 0.00586558 -0.997008 -96.2985 -0.0334016 0.999406 0.00846203 -3.33192 0.996465 0.0339539 -0.0768387 172.37
-0.100534 0.00811385 -0.994901 -97.0991 -0.02954 0.999502 0.0111364 -3.33105 0.994495 0.0305089 -0.100244 172.282
-0.120072 0.00981334 -0.992717 -97.91 -0.0252581 0.999597 0.0129364 -3.33769 0.992444 0.0266275 -0.119776 172.18
-0.134787 0.0140952 -0.990774 -98.7272 -0.0248941 0.999535 0.0176064 -3.32853 0.990562 0.0270376 -0.134373 172.059
-0.148632 0.0167048 -0.988751 -99.5601 -0.0245719 0.999486 0.0205799 -3.31804 0.988587 0.0273543 -0.148145 171.938
-0.160282 0.017874 -0.986909 -100.376 -0.0208632 0.999551 0.0214914 -3.31998 0.986851 0.0240348 -0.159837 171.797
-0.171183 0.0124511 -0.985161 -101.184 -0.0190407 0.999692 0.0159433 -3.30535 0.985055 0.0214874 -0.170893 171.655
-0.180579 0.00933269 -0.983516 -102.022 -0.0192903 0.999729 0.0130283 -3.30129 0.983371 0.0213249 -0.18035 171.506
-0.187318 0.00976119 -0.982251 -102.863 -0.0255246 0.999565 0.0148009 -3.29853 0.981968 0.027844 -0.186987 171.314
-0.193229 0.0117251 -0.981084 -103.714 -0.0284801 0.99944 0.0175538 -3.28803 0.98074 0.0313333 -0.192787 171.13
-0.193681 0.0123921 -0.980986 -104.562 -0.028351 0.999432 0.0182226 -3.26922 0.980655 0.0313413 -0.193219 170.906
-0.196918 0.0110918 -0.980357 -105.396 -0.0315445 0.999347 0.0176428 -3.27385 0.979912 0.0343991 -0.196439 170.73
-0.201194 0.00475064 -0.97954 -106.293 -0.0352788 0.999304 0.0120926 -3.23127 0.978916 0.0369899 -0.200886 170.559
-0.202174 0.000935151 -0.979349 -107.179 -0.0352386 0.999345 0.0082288 -3.21768 0.978715 0.0361745 -0.202009 170.351
-0.203765 0.00176384 -0.979018 -108.04 -0.0358448 0.999314 0.00926089 -3.25276 0.978363 0.0369798 -0.203563 170.135
-0.204915 -0.00248952 -0.978777 -108.96 -0.0348525 0.999381 0.00475473 -3.22173 0.978159 0.0350871 -0.204875 169.94
-0.205717 -0.00587154 -0.978594 -109.873 -0.0364807 0.999333 0.00167289 -3.2275 0.977931 0.036044 -0.205794 169.74
-0.205492 -0.00525555 -0.978645 -110.777 -0.0368045 0.99932 0.0023615 -3.25466 0.977966 0.0365038 -0.205546 169.546
-0.206258 0.000401444 -0.978497 -111.707 -0.0338938 0.999397 0.00755453 -3.25844 0.97791 0.0347232 -0.20612 169.353
-0.205442 0.00361886 -0.978663 -112.638 -0.0343913 0.999349 0.0109148 -3.25214 0.978065 0.0358999 -0.205184 169.151
-0.203065 0.00528995 -0.979151 -113.593 -0.035045 0.999305 0.0126668 -3.24395 0.978538 0.0368865 -0.202738 168.94
-0.202058 0.00536555 -0.979359 -114.534 -0.0368387 0.999236 0.0130749 -3.24829 0.97868 0.0387202 -0.201706 168.727
-0.202 0.00513702 -0.979372 -115.493 -0.0397473 0.999119 0.0134387 -3.22621 0.978579 0.041642 -0.201618 168.542
-0.203262 -0.000280967 -0.979124 -116.433 -0.0370878 0.999285 0.00741253 -3.19111 0.978422 0.0378203 -0.203127 168.369
-0.202989 -0.00584881 -0.979163 -117.407 -0.0360081 0.99935 0.0014954 -3.19866 0.978519 0.0355613 -0.203068 168.171
-0.202131 -0.0104732 -0.979303 -118.351 -0.0307072 0.999519 -0.00435134 -3.18769 0.978877 0.0291921 -0.202355 167.972
-0.202517 -0.00387641 -0.979271 -119.322 -0.0254649 0.999675 0.00130906 -3.18347 0.978948 0.0252021 -0.20255 167.778
-0.199441 0.0104525 -0.979854 -120.299 -0.0267574 0.999512 0.0161085 -3.1928 0.979544 0.029431 -0.199064 167.538
-0.198416 0.0187544 -0.979938 -121.273 -0.0246986 0.999404 0.0241279 -3.20705 0.979807 0.0289905 -0.197835 167.319
-0.196643 0.00763713 -0.980445 -122.218 -0.0250798 0.999603 0.0128165 -3.20476 0.980154 0.0271096 -0.196374 167.112
-0.195974 -0.0110279 -0.980547 -123.165 -0.0301433 0.999532 -0.00521693 -3.20926 0.980146 0.0285346 -0.196214 166.896
-0.196667 -0.0229099 -0.980203 -124.132 -0.0310088 0.999372 -0.0171364 -3.22598 0.97998 0.0270248 -0.197253 166.682
-0.198822 -0.0186571 -0.979858 -125.09 -0.0314818 0.999424 -0.0126417 -3.23156 0.97953 0.0283343 -0.199295 166.5
-0.199289 -0.00635175 -0.97992 -126.109 -0.0283094 0.999599 -0.000721951 -3.2557 0.979532 0.0275971 -0.199389 166.292
-0.201781 0.00517253 -0.979417 -127.138 -0.0251522 0.999629 0.0104612 -3.27627 0.979108 0.0267454 -0.201576 166.101
-0.203092 0.00636852 -0.979139 -128.139 -0.0264303 0.999579 0.0119836 -3.29086 0.978803 0.0283128 -0.202838 165.885
-0.203702 0.003424 -0.979027 -129.117 -0.0222136 0.99972 0.00811827 -3.28564 0.978781 0.0234014 -0.203569 165.668
-0.205652 -0.00043563 -0.978625 -130.107 -0.0212552 0.999766 0.0040216 -3.29222 0.978394 0.0216279 -0.205613 165.473
-0.201307 -0.00514682 -0.979515 -131.122 -0.0230856 0.999733 -0.000508567 -3.28816 0.979256 0.0225103 -0.201372 165.165
-0.199599 -0.00737641 -0.97985 -132.047 -0.0288937 0.999581 -0.00163921 -3.34089 0.979452 0.0279843 -0.199728 164.969
-0.198867 -0.00963474 -0.979979 -133.02 -0.0308132 0.999519 -0.00357392 -3.3595 0.979542 0.0294856 -0.199068 164.769
-0.197578 -0.00286154 -0.980283 -134.003 -0.0323335 0.999471 0.00359931 -3.40731 0.979754 0.0324071 -0.197565 164.57
-0.195321 0.00670143 -0.980717 -134.971 -0.0331412 0.99936 0.0134293 -3.41079 0.980179 0.0351251 -0.194974 164.349
-0.191434 0.0101491 -0.981453 -135.929 -0.0306882 0.999396 0.0163204 -3.40024 0.981026 0.0332433 -0.191007 164.129
-0.188274 0.00816629 -0.982083 -136.896 -0.0302307 0.999443 0.0141061 -3.39046 0.981651 0.0323448 -0.187923 163.928
-0.183998 0.00153307 -0.982925 -137.872 -0.0306967 0.999502 0.00730518 -3.35942 0.982447 0.0315167 -0.18386 163.708
-0.175828 0.00687147 -0.984397 -138.775 -0.0287902 0.999512 0.0121193 -3.43788 0.984 0.0304719 -0.175545 163.451
-0.170088 0.00340676 -0.985423 -139.712 -0.0324382 0.999433 0.00905415 -3.37778 0.984895 0.0335054 -0.169881 163.245
-0.167673 0.00869343 -0.985804 -140.673 -0.0320783 0.999383 0.0142693 -3.38392 0.985321 0.0340155 -0.167291 163.069
-0.16527 0.0110813 -0.986186 -141.633 -0.0343115 0.999267 0.0169784 -3.38102 0.985651 0.0366435 -0.164768 162.89
-0.163983 0.007333 -0.986436 -142.533 -0.0380557 0.999181 0.013754 -3.36929 0.985729 0.039795 -0.16357 162.747
-0.162983 0.00100108 -0.986628 -143.47 -0.0436211 0.999014 0.00821951 -3.34855 0.985664 0.0443775 -0.162779 162.577
-0.160276 -0.00415659 -0.987064 -144.418 -0.0520618 0.998635 0.00424829 -3.33582 0.985698 0.0520692 -0.160273 162.366
-0.159733 -0.00540834 -0.987145 -145.347 -0.0525913 0.998611 0.0030388 -3.32006 0.985758 0.0524006 -0.159796 162.179
-0.162967 -0.00612293 -0.986612 -146.302 -0.0513855 0.998676 0.00228999 -3.32604 0.985292 0.0510707 -0.163066 162.002
-0.165972 -0.00708763 -0.986105 -147.203 -0.0499113 0.998753 0.00122207 -3.33559 0.984867 0.0494206 -0.166119 161.847
-0.168651 -0.00491311 -0.985664 -148.113 -0.0488759 0.998799 0.0033843 -3.35283 0.984463 0.048746 -0.168689 161.661
-0.172103 -0.00384337 -0.985071 -148.973 -0.0430523 0.999066 0.00362375 -3.33486 0.984138 0.0430332 -0.172108 161.5
-0.177237 -0.00390746 -0.98416 -149.866 -0.0449438 0.998981 0.00412762 -3.34185 0.983141 0.0449635 -0.177232 161.349
-0.180835 -0.0069447 -0.983489 -150.749 -0.0502528 0.998734 0.00218771 -3.3245 0.982229 0.0498187 -0.180956 161.128
-0.18691 -0.00664723 -0.982354 -151.583 -0.052586 0.998611 0.00324818 -3.35837 0.980969 0.0522652 -0.187 161.013
-0.188069 -0.00559007 -0.98214 -152.402 -0.0518143 0.998648 0.00423782 -3.35074 0.980788 0.0516859 -0.188104 160.792
-0.192448 -0.00635342 -0.981287 -153.207 -0.0497412 0.998757 0.00328862 -3.3467 0.980046 0.0494433 -0.192525 160.647
-0.196448 -0.00838718 -0.980478 -153.978 -0.048793 0.998808 0.00123213 -3.36312 0.9793 0.0480825 -0.196623 160.494
-0.198592 -0.00991443 -0.980032 -154.735 -0.0471776 0.998886 -0.000545198 -3.38672 0.978946 0.0461273 -0.198838 160.31
-0.204211 -0.00827072 -0.978892 -155.502 -0.0467655 0.998905 0.00131613 -3.3976 0.977809 0.0460471 -0.204374 160.231
-0.202133 -0.00368269 -0.979351 -156.191 -0.0496279 0.998747 0.00648733 -3.41263 0.9781 0.0499144 -0.202063 160.032
-0.200018 -0.0024974 -0.979789 -156.834 -0.0496208 0.998739 0.00758409 -3.409 0.978535 0.0501349 -0.19989 159.86
-0.196509 -0.00601545 -0.980484 -157.459 -0.05004 0.99874 0.00390157 -3.42001 0.979224 0.0498301 -0.196562 159.702
-0.192999 -0.0123811 -0.981121 -158.14 -0.0487403 0.998807 -0.00301648 -3.38638 0.979988 0.0472379 -0.193372 159.627
-0.186267 -0.0161478 -0.982366 -158.836 -0.0518677 0.998632 -0.00658054 -3.36423 0.981129 0.0497274 -0.18685 159.538
-0.179736 -0.0110313 -0.983653 -159.396 -0.050028 0.998746 -0.00205934 -3.46008 0.982442 0.0488401 -0.180062 159.617
-0.165198 -0.0120235 -0.986187 -160.033 -0.0511668 0.998684 -0.00360478 -3.37274 0.984932 0.0498645 -0.165596 159.572
-0.145086 -0.00998792 -0.989369 -160.615 -0.0491119 0.998789 -0.002881 -3.39624 0.988199 0.0481718 -0.145401 159.47
-0.12174 -0.0129142 -0.992478 -161.213 -0.0450555 0.998957 -0.00747181 -3.41035 0.991539 0.0438069 -0.122195 159.395
-0.094 -0.0140772 -0.995473 -161.755 -0.0448456 0.998945 -0.00989167 -3.44984 0.994562 0.0437127 -0.0945321 159.37
-0.0653023 -0.0124262 -0.997788 -162.323 -0.047026 0.99885 -0.00936175 -3.48888 0.996757 0.0463107 -0.0658115 159.4
-0.0288381 -0.0116157 -0.999517 -162.91 -0.0505683 0.998669 -0.0101469 -3.48846 0.998304 0.0502512 -0.0293871 159.417
0.0150959 -0.0124516 -0.999809 -163.439 -0.0553317 0.99838 -0.0132692 -3.5066 0.998354 0.0555214 0.0143825 159.418
0.0637343 -0.0155116 -0.997846 -163.992 -0.0558671 0.998256 -0.0190863 -3.52199 0.996402 0.0569633 0.0627565 159.464
0.116748 -0.0183448 -0.992992 -164.542 -0.0609382 0.997813 -0.0255985 -3.53764 0.99129 0.0634997 0.115375 159.539
0.172651 -0.0197801 -0.984784 -165.089 -0.0636325 0.997486 -0.0311912 -3.56815 0.982925 0.0680495 0.170958 159.674
0.22412 -0.0183979 -0.974388 -165.605 -0.054462 0.998023 -0.0313711 -3.71025 0.973039 0.060098 0.222675 159.956
0.286139 -0.0284938 -0.957764 -166.075 -0.0517831 0.997637 -0.0451506 -3.67308 0.956788 0.0625154 0.283987 160.056
0.349446 -0.0354274 -0.936286 -166.606 -0.0484464 0.997265 -0.0558162 -3.71187 0.935703 0.0648644 0.346774 160.206
0.405812 -0.040654 -0.913052 -167.11 -0.0499777 0.996528 -0.0665838 -3.73615 0.912589 0.0726528 0.402372 160.528
0.464775 -0.0422919 -0.884418 -167.616 -0.0496232 0.996045 -0.0737074 -3.76124 0.884037 0.078145 0.460838 160.802
0.518263 -0.0422141 -0.854179 -168.107 -0.0385346 0.996614 -0.0726337 -3.83692 0.854353 0.0705588 0.514881 161.164
0.570952 -0.042553 -0.81988 -168.576 -0.0300492 0.996904 -0.0726667 -3.87024 0.820433 0.0661259 0.567905 161.551
0.621226 -0.0379131 -0.782713 -168.998 -0.027952 0.997121 -0.0704836 -3.90954 0.783132 0.0656647 0.618378 161.919
0.665639 -0.0320081 -0.745587 -169.382 -0.0279804 0.997307 -0.0677945 -3.97939 0.745749 0.0659885 0.662951 162.318
0.710738 -0.0312018 -0.702765 -169.82 -0.025945 0.997173 -0.0705126 -4.01628 0.702979 0.0683492 0.707919 162.7
0.747391 -0.0332023 -0.663554 -170.177 -0.020952 0.997076 -0.0734899 -4.05901 0.664054 0.0688284 0.74451 163.173
0.781525 -0.0337758 -0.622959 -170.551 -0.0171729 0.99699 -0.0755992 -4.12054 0.623638 0.0697807 0.778593 163.639
0.811234 -0.034097 -0.583727 -170.888 -0.0133336 0.99696 -0.0767654 -4.17199 0.58457 0.0700579 0.808313 164.124
0.837242 -0.0322416 -0.545882 -171.247 -0.0119457 0.996944 -0.0772044 -4.19471 0.546703 0.0711597 0.834298 164.655
0.857517 -0.0299519 -0.513583 -171.53 -0.00890311 0.99729 -0.0730266 -4.25844 0.514379 0.0671941 0.854926 165.212
0.876361 -0.0277989 -0.480852 -171.834 -0.00655503 0.997552 -0.0696169 -4.30167 0.48161 0.0641615 0.874034 165.767
0.889521 -0.0324681 -0.455739 -172.082 0.000629848 0.997558 -0.0698394 -4.35798 0.456893 0.0618366 0.88737 166.371
0.90156 -0.036554 -0.431108 -172.363 0.00795475 0.997657 -0.0679567 -4.43014 0.432582 0.0578377 0.899738 166.924
0.90919 -0.0405104 -0.414405 -172.616 0.0119948 0.997391 -0.0711843 -4.46172 0.416208 0.0597493 0.907304 167.568
0.915034 -0.0447043 -0.400891 -172.887 0.0166011 0.997171 -0.0733051 -4.52682 0.403034 0.0604215 0.913188 168.178
0.917363 -0.0488268 -0.395046 -173.148 0.0213941 0.997062 -0.0735539 -4.58484 0.397476 0.0590239 0.915712 168.861
0.921068 -0.049418 -0.386253 -173.463 0.0237004 0.99719 -0.071066 -4.6582 0.388679 0.0563022 0.919651 169.514
0.922437 -0.0501265 -0.38288 -173.764 0.0255299 0.997286 -0.0690575 -4.71302 0.385302 0.0539264 0.921213 170.233
