1.000000 0.000000 0.000000 0.000000 0.000000 1.000000 0.000000 0.000000 0.000000 0.000000 1.000000 0.000000 
1.000000 -0.000140 0.000417 -0.020085 0.000140 1.000000 0.000759 -0.009508 -0.000417 -0.000759 1.000000 0.275022 
0.999989 0.002393 0.004024 -0.108595 -0.002398 0.999996 0.001304 -0.029587 -0.004021 -0.001314 0.999991 0.378693 
1.000000 -0.000918 0.000240 -0.029624 0.000918 0.999999 0.000912 -0.008681 -0.000240 -0.000912 1.000000 0.879941 
0.999999 -0.001227 0.000282 -0.025452 0.001227 0.999999 0.000907 -0.010389 -0.000283 -0.000907 1.000000 1.192004 
0.999999 -0.001437 0.000296 -0.023452 0.001437 0.999998 0.001381 -0.016999 -0.000298 -0.001380 0.999999 1.524808 
0.999998 -0.001818 0.000222 -0.021935 0.001818 0.999998 0.001063 -0.020530 -0.000224 -0.001063 0.999999 1.867446 
0.999999 -0.001619 -0.000153 -0.019436 0.001619 0.999998 0.000988 -0.024615 0.000151 -0.000988 1.000000 2.191918 
0.999999 -0.001260 -0.000623 -0.023261 0.001261 0.999999 0.001076 -0.025937 0.000622 -0.001077 0.999999 2.526321 
0.999999 -0.000694 -0.001002 -0.028280 0.000695 0.999999 0.001113 -0.031128 0.001001 -0.001114 0.999999 2.859319 
0.999999 -0.001035 -0.001187 -0.028113 0.001036 0.999999 0.001166 -0.036281 0.001186 -0.001168 0.999999 3.183676 
0.999998 -0.001466 -0.001411 -0.031336 0.001468 0.999998 0.001421 -0.038515 0.001409 -0.001423 0.999998 3.499773 
0.999999 -0.000776 -0.001524 -0.035351 0.000778 0.999999 0.000968 -0.047456 0.001523 -0.000970 0.999998 3.959288 
0.999998 -0.000864 -0.001836 -0.046469 0.000866 0.999999 0.000632 -0.048415 0.001836 -0.000634 0.999998 4.276892 
0.999997 -0.000727 -0.002240 -0.049468 0.000727 1.000000 0.000095 -0.054596 0.002240 -0.000097 0.999997 4.579517 
0.999997 -0.000355 -0.002558 -0.051704 0.000355 1.000000 0.000218 -0.061473 0.002558 -0.000219 0.999997 4.868622 
0.999996 0.000012 -0.002937 -0.056244 -0.000011 1.000000 0.000337 -0.066067 0.002937 -0.000337 0.999996 5.153413 
0.999995 0.000446 -0.003120 -0.058588 -0.000445 1.000000 0.000493 -0.076916 0.003120 -0.000492 0.999995 5.465693 
0.999994 0.000142 -0.003334 -0.060756 -0.000140 1.000000 0.000455 -0.076074 0.003334 -0.000454 0.999994 5.745348 
0.999994 -0.000030 -0.003504 -0.062556 0.000031 1.000000 0.000251 -0.080402 0.003504 -0.000251 0.999994 6.040841 
0.999994 -0.000239 -0.003461 -0.079802 0.000238 1.000000 -0.000038 -0.077004 0.003461 0.000037 0.999994 6.323268 
0.999992 -0.000296 -0.004023 -0.063222 0.000297 1.000000 0.000083 -0.083953 0.004023 -0.000084 0.999992 6.603555 
0.999991 -0.000509 -0.004163 -0.061244 0.000508 1.000000 -0.000007 -0.088866 0.004163 0.000005 0.999991 6.881671 
0.999992 -0.000874 -0.003923 -0.052756 0.000874 1.000000 -0.000047 -0.083813 0.003923 0.000044 0.999992 7.100027 
0.999991 -0.000975 -0.004018 -0.069993 0.000976 1.000000 0.000202 -0.093411 0.004017 -0.000206 0.999992 7.433626 
0.999991 -0.000561 -0.004133 -0.068812 0.000565 1.000000 0.000817 -0.098450 0.004132 -0.000820 0.999991 7.711899 
0.999991 -0.000191 -0.004222 -0.075144 0.000194 1.000000 0.000715 -0.101843 0.004222 -0.000715 0.999991 7.983873 
0.999991 0.000112 -0.004302 -0.075874 -0.000110 1.000000 0.000473 -0.105465 0.004302 -0.000472 0.999991 8.248866 
0.999991 0.000156 -0.004227 -0.080964 -0.000153 1.000000 0.000816 -0.099605 0.004227 -0.000815 0.999991 8.510409 
0.999992 -0.000157 -0.004065 -0.086705 0.000161 0.999999 0.001127 -0.102974 0.004064 -0.001127 0.999991 8.770060 
0.999992 -0.000250 -0.003881 -0.090277 0.000252 1.000000 0.000669 -0.104189 0.003881 -0.000670 0.999992 9.034374 
0.999994 -0.000158 -0.003476 -0.092485 0.000160 1.000000 0.000479 -0.104421 0.003476 -0.000479 0.999994 9.300438 
0.999994 0.000051 -0.003365 -0.091129 -0.000048 1.000000 0.000731 -0.113679 0.003365 -0.000731 0.999994 9.541002 
0.999996 0.000201 -0.002923 -0.098208 -0.000199 1.000000 0.000623 -0.112751 0.002923 -0.000622 0.999996 9.786169 
0.999995 0.000497 -0.003126 -0.099077 -0.000498 1.000000 -0.000414 -0.109892 0.003126 0.000416 0.999995 10.049380 
0.999995 0.000427 -0.003260 -0.097024 -0.000431 0.999999 -0.001339 -0.113083 0.003259 0.001340 0.999994 10.303254 
0.999995 -0.000027 -0.003253 -0.112588 0.000021 0.999998 -0.001754 -0.119556 0.003253 0.001754 0.999993 10.569445 
0.999993 -0.000027 -0.003620 -0.108962 0.000020 0.999998 -0.001966 -0.123627 0.003620 0.001966 0.999992 10.823281 
0.999993 -0.000178 -0.003863 -0.108533 0.000170 0.999998 -0.002107 -0.129349 0.003863 0.002106 0.999990 11.072142 
0.999991 0.000007 -0.004265 -0.114610 -0.000018 0.999996 -0.002664 -0.125907 0.004265 0.002664 0.999987 11.348374 
0.999988 -0.000154 -0.004847 -0.120299 0.000140 0.999995 -0.003004 -0.126734 0.004848 0.003003 0.999984 11.631854 
0.999982 -0.000513 -0.006025 -0.124416 0.000493 0.999995 -0.003204 -0.133493 0.006027 0.003200 0.999977 11.923332 
0.999977 -0.000672 -0.006818 -0.139333 0.000650 0.999995 -0.003239 -0.132207 0.006820 0.003234 0.999972 12.216858 
0.999971 -0.000410 -0.007558 -0.143655 0.000384 0.999994 -0.003483 -0.134506 0.007559 0.003480 0.999965 12.535359 
0.999966 -0.000332 -0.008226 -0.153230 0.000301 0.999993 -0.003792 -0.143694 0.008227 0.003789 0.999959 12.846750 
0.999962 -0.000393 -0.008762 -0.172145 0.000355 0.999990 -0.004371 -0.142650 0.008763 0.004367 0.999952 13.167991 
0.999963 -0.000630 -0.008556 -0.253836 0.000585 0.999986 -0.005195 -0.117330 0.008560 0.005190 0.999950 13.534767 
0.999957 -0.000297 -0.009266 -0.264803 0.000246 0.999985 -0.005461 -0.118974 0.009267 0.005458 0.999942 13.887598 
0.999954 -0.000500 -0.009544 -0.282254 0.000447 0.999984 -0.005615 -0.117567 0.009547 0.005611 0.999939 14.251490 
0.999950 -0.000420 -0.009962 -0.263215 0.000360 0.999982 -0.005972 -0.124630 0.009964 0.005969 0.999933 14.670237 
0.999949 -0.000241 -0.010070 -0.263759 0.000178 0.999980 -0.006258 -0.123675 0.010071 0.006256 0.999930 15.125446 
0.999947 -0.000183 -0.010309 -0.261618 0.000123 0.999983 -0.005763 -0.141622 0.010310 0.005762 0.999930 15.552406 
0.999957 -0.000166 -0.009294 -0.293552 0.000114 0.999985 -0.005513 -0.154525 0.009295 0.005512 0.999942 15.741294 
0.999961 -0.000256 -0.008802 -0.326728 0.000203 0.999982 -0.005973 -0.147650 0.008803 0.005971 0.999943 16.081256 
0.999970 -0.000503 -0.007784 -0.369606 0.000450 0.999977 -0.006816 -0.133599 0.007787 0.006813 0.999946 16.438601 
0.999977 -0.000649 -0.006808 -0.438929 0.000601 0.999975 -0.007025 -0.121688 0.006813 0.007021 0.999952 16.871580 
0.999983 -0.000243 -0.005806 -0.540345 0.000198 0.999970 -0.007731 -0.101416 0.005808 0.007730 0.999953 17.351670 
0.999991 -0.000873 -0.004166 -0.690778 0.000840 0.999969 -0.007887 -0.093477 0.004173 0.007884 0.999960 17.800223 
0.999991 -0.001825 -0.003931 -0.710241 0.001794 0.999967 -0.007936 -0.101408 0.003946 0.007929 0.999961 18.291121 
0.999994 -0.001655 -0.002989 -0.787316 0.001631 0.999966 -0.008106 -0.088699 0.003002 0.008101 0.999963 18.786630 
0.999995 -0.001616 -0.002741 -0.831453 0.001595 0.999969 -0.007715 -0.076975 0.002753 0.007711 0.999966 19.334361 
0.999995 -0.001816 -0.002498 -0.846255 0.001798 0.999971 -0.007408 -0.083368 0.002512 0.007404 0.999969 19.880942 
0.999969 -0.001584 -0.007769 -0.514846 0.001539 0.999982 -0.005712 -0.209092 0.007778 0.005700 0.999954 20.914036 
0.999964 -0.001250 -0.008424 -0.514423 0.001216 0.999991 -0.004029 -0.231977 0.008429 0.004019 0.999956 21.563312 
0.999964 -0.001749 -0.008356 -0.527401 0.001733 0.999997 -0.001927 -0.237510 0.008359 0.001912 0.999963 22.180336 
0.999964 -0.001883 -0.008232 -0.538578 0.001884 0.999998 0.000149 -0.246095 0.008231 -0.000164 0.999966 22.756572 
0.999961 -0.002050 -0.008594 -0.549597 0.002068 0.999996 0.002036 -0.255208 0.008590 -0.002053 0.999961 23.361541 
0.999958 -0.001861 -0.009000 -0.549807 0.001889 0.999994 0.003015 -0.251287 0.008994 -0.003032 0.999955 23.944355 
0.999961 -0.002034 -0.008572 -0.576197 0.002065 0.999991 0.003610 -0.266210 0.008565 -0.003627 0.999957 24.483727 
0.999956 -0.002121 -0.009181 -0.591254 0.002153 0.999992 0.003468 -0.254513 0.009174 -0.003487 0.999952 25.104800 
0.999965 -0.002864 -0.007839 -0.746280 0.002892 0.999989 0.003618 -0.245519 0.007828 -0.003640 0.999963 25.601951 
0.999966 -0.003102 -0.007689 -0.771436 0.003131 0.999988 0.003801 -0.251523 0.007677 -0.003824 0.999963 26.168618 
0.999967 -0.002523 -0.007738 -0.795583 0.002554 0.999988 0.004109 -0.256108 0.007728 -0.004128 0.999962 26.736493 
0.999966 -0.002101 -0.008035 -0.813667 0.002136 0.999988 0.004450 -0.261079 0.008026 -0.004467 0.999958 27.297219 
0.999958 -0.001868 -0.008974 -0.734311 0.001905 0.999990 0.004059 -0.257128 0.008966 -0.004076 0.999951 27.712038 
0.999962 -0.002247 -0.008447 -0.803255 0.002281 0.999989 0.003980 -0.248478 0.008438 -0.003999 0.999956 28.337762 
0.999960 -0.001735 -0.008786 -0.831801 0.001771 0.999990 0.004175 -0.238306 0.008778 -0.004191 0.999953 28.873983 
0.999959 -0.001434 -0.008924 -0.859217 0.001469 0.999991 0.003923 -0.235625 0.008918 -0.003935 0.999952 29.424927 
0.999946 -0.001177 -0.010289 -0.779614 0.001214 0.999993 0.003532 -0.247645 0.010285 -0.003545 0.999941 29.966422 
0.999941 -0.000754 -0.010791 -0.776722 0.000794 0.999993 0.003703 -0.252400 0.010788 -0.003711 0.999935 30.541317 
0.999931 -0.000879 -0.011686 -0.758433 0.000927 0.999991 0.004085 -0.267548 0.011683 -0.004095 0.999923 31.147695 
0.999927 -0.001251 -0.012008 -0.752873 0.001288 0.999994 0.003130 -0.278479 0.012004 -0.003145 0.999923 31.747807 
0.999922 -0.001126 -0.012403 -0.750465 0.001158 0.999996 0.002523 -0.283563 0.012400 -0.002537 0.999920 32.304356 
0.999926 -0.001237 -0.012138 -0.781969 0.001268 0.999996 0.002474 -0.293386 0.012135 -0.002489 0.999923 32.720648 
0.999903 -0.001681 -0.013845 -0.724331 0.001711 0.999996 0.002175 -0.316247 0.013841 -0.002198 0.999902 33.372543 
0.999902 -0.001544 -0.013880 -0.755978 0.001570 0.999997 0.001845 -0.323011 0.013877 -0.001867 0.999902 34.014933 
0.999910 -0.001360 -0.013332 -0.818794 0.001386 0.999997 0.001988 -0.319399 0.013330 -0.002007 0.999909 34.559971 
0.999902 -0.000838 -0.013949 -0.779770 0.000868 0.999997 0.002162 -0.330394 0.013947 -0.002174 0.999900 35.077362 
0.999897 -0.001867 -0.014199 -0.777052 0.001895 0.999996 0.001947 -0.340617 0.014195 -0.001973 0.999897 35.691291 
0.999896 -0.001947 -0.014313 -0.776915 0.001974 0.999996 0.001913 -0.348479 0.014309 -0.001942 0.999896 36.206230 
0.999897 -0.002194 -0.014187 -0.785452 0.002219 0.999996 0.001768 -0.347169 0.014183 -0.001799 0.999898 36.668922 
0.999908 -0.002255 -0.013400 -0.844708 0.002273 0.999997 0.001333 -0.311523 0.013397 -0.001364 0.999909 37.153492 
0.999906 -0.002722 -0.013467 -0.841302 0.002748 0.999994 0.001916 -0.330479 0.013462 -0.001953 0.999907 37.664838 
0.999912 -0.002409 -0.013033 -0.874785 0.002438 0.999995 0.002241 -0.324184 0.013027 -0.002273 0.999913 38.119978 
0.999916 -0.002091 -0.012816 -0.913234 0.002120 0.999995 0.002289 -0.323656 0.012812 -0.002316 0.999915 38.666800 
0.999917 -0.002353 -0.012633 -0.928450 0.002378 0.999995 0.001969 -0.325241 0.012628 -0.001999 0.999918 39.194657 
0.999915 -0.003081 -0.012643 -0.909920 0.003109 0.999993 0.002134 -0.333188 0.012636 -0.002173 0.999918 39.585849 
0.999924 -0.003358 -0.011868 -0.987573 0.003380 0.999993 0.001809 -0.333634 0.011862 -0.001849 0.999928 40.147143 
0.999932 -0.003495 -0.011128 -1.046121 0.003509 0.999993 0.001212 -0.327421 0.011124 -0.001251 0.999937 40.604784 
0.999936 -0.003645 -0.010683 -1.075892 0.003658 0.999993 0.001191 -0.326580 0.010679 -0.001230 0.999942 41.098814 
0.999939 -0.003533 -0.010456 -1.101798 0.003546 0.999993 0.001246 -0.329283 0.010451 -0.001283 0.999945 41.588079 
0.999937 -0.003599 -0.010615 -1.118891 0.003615 0.999992 0.001469 -0.334417 0.010610 -0.001508 0.999943 42.059199 
0.999926 -0.005336 -0.010924 -1.138436 0.005357 0.999984 0.001932 -0.333036 0.010914 -0.001990 0.999938 42.500860 
0.999928 -0.005527 -0.010653 -1.189646 0.005549 0.999983 0.002011 -0.317192 0.010642 -0.002070 0.999941 43.008233 
0.999921 -0.004848 -0.011605 -1.160247 0.004871 0.999986 0.002028 -0.310156 0.011595 -0.002085 0.999931 43.622884 
0.999915 -0.004476 -0.012278 -1.165096 0.004498 0.999988 0.001760 -0.314982 0.012270 -0.001815 0.999923 44.132810 
0.999907 -0.005248 -0.012590 -1.189854 0.005267 0.999985 0.001443 -0.313055 0.012582 -0.001509 0.999920 44.615697 
0.999896 -0.005872 -0.013201 -1.213132 0.005898 0.999981 0.001929 -0.310267 0.013190 -0.002007 0.999911 45.102961 
0.999881 -0.005876 -0.014252 -1.218546 0.005912 0.999979 0.002481 -0.317774 0.014237 -0.002565 0.999895 45.614766 
0.999842 -0.004954 -0.017096 -1.075271 0.005003 0.999983 0.002844 -0.372412 0.017082 -0.002929 0.999850 46.077000 
0.999811 -0.005806 -0.018533 -1.075495 0.005863 0.999978 0.003021 -0.393918 0.018515 -0.003129 0.999824 46.698828 
0.999795 -0.005650 -0.019421 -1.085810 0.005712 0.999979 0.003158 -0.400729 0.019402 -0.003268 0.999806 47.170929 
0.999778 -0.005033 -0.020448 -1.094503 0.005106 0.999981 0.003558 -0.407737 0.020430 -0.003661 0.999785 47.646045 
0.999759 -0.004924 -0.021390 -1.105220 0.005009 0.999980 0.003902 -0.415229 0.021371 -0.004008 0.999764 48.101247 
0.999741 -0.005214 -0.022131 -1.112735 0.005295 0.999980 0.003596 -0.423058 0.022112 -0.003713 0.999749 48.562796 
0.999720 -0.005141 -0.023081 -1.122382 0.005227 0.999980 0.003658 -0.430850 0.023062 -0.003777 0.999727 49.022468 
0.999691 -0.005076 -0.024330 -1.159732 0.005169 0.999980 0.003728 -0.431490 0.024311 -0.003852 0.999697 49.548694 
0.999674 -0.005213 -0.024985 -1.188497 0.005308 0.999979 0.003751 -0.441814 0.024965 -0.003883 0.999681 50.004233 
0.999643 -0.005650 -0.026097 -1.184357 0.005746 0.999977 0.003611 -0.450307 0.026076 -0.003759 0.999653 50.439586 
0.999612 -0.005569 -0.027279 -1.185136 0.005677 0.999976 0.003855 -0.455940 0.027257 -0.004008 0.999620 50.909929 
0.999582 -0.005132 -0.028451 -1.188951 0.005239 0.999979 0.003686 -0.461562 0.028432 -0.003834 0.999588 51.373059 
0.999550 -0.004832 -0.029591 -1.189165 0.004948 0.999980 0.003854 -0.467290 0.029572 -0.003999 0.999555 51.834763 
0.999541 -0.004892 -0.029888 -1.224433 0.005020 0.999979 0.004214 -0.479498 0.029867 -0.004363 0.999544 52.238751 
0.999525 -0.004888 -0.030417 -1.254539 0.005032 0.999976 0.004680 -0.490639 0.030393 -0.004831 0.999526 52.727388 
0.999515 -0.004095 -0.030879 -1.265377 0.004253 0.999978 0.005051 -0.491659 0.030858 -0.005180 0.999510 53.141465 
0.999500 -0.003730 -0.031402 -1.274936 0.003889 0.999980 0.005018 -0.497772 0.031382 -0.005138 0.999494 53.593213 
0.999498 -0.003515 -0.031482 -1.294591 0.003662 0.999983 0.004615 -0.506478 0.031465 -0.004728 0.999494 54.018001 
0.999498 -0.003725 -0.031453 -1.310985 0.003871 0.999982 0.004591 -0.511066 0.031436 -0.004710 0.999495 54.445159 
0.999501 -0.003602 -0.031368 -1.323555 0.003763 0.999980 0.005081 -0.512463 0.031349 -0.005196 0.999495 54.862293 
0.999501 -0.002937 -0.031444 -1.335793 0.003090 0.999984 0.004814 -0.515534 0.031429 -0.004909 0.999494 55.272619 
0.999501 -0.002398 -0.031487 -1.352396 0.002538 0.999987 0.004410 -0.517042 0.031476 -0.004487 0.999494 55.691031 
0.999515 -0.002888 -0.031004 -1.359604 0.003028 0.999985 0.004468 -0.520135 0.030990 -0.004560 0.999509 56.019751 
0.999520 -0.003225 -0.030819 -1.372682 0.003371 0.999983 0.004691 -0.528788 0.030804 -0.004792 0.999514 56.483183 
0.999518 -0.003214 -0.030890 -1.386142 0.003369 0.999982 0.004990 -0.532461 0.030873 -0.005091 0.999510 56.883175 
0.999519 -0.002747 -0.030902 -1.404665 0.002900 0.999984 0.004916 -0.533963 0.030888 -0.005003 0.999510 57.248154 
0.999518 -0.002496 -0.030940 -1.422376 0.002662 0.999982 0.005313 -0.539855 0.030926 -0.005393 0.999507 57.643896 
0.999511 -0.002683 -0.031151 -1.425001 0.002857 0.999981 0.005528 -0.547210 0.031135 -0.005614 0.999499 58.023427 
0.999503 -0.002264 -0.031449 -1.437884 0.002423 0.999984 0.005014 -0.548131 0.031437 -0.005087 0.999493 58.402438 
0.999497 -0.002195 -0.031624 -1.445465 0.002344 0.999986 0.004673 -0.546445 0.031613 -0.004745 0.999489 58.748737 
0.999477 -0.002120 -0.032265 -1.461665 0.002277 0.999986 0.004831 -0.545558 0.032254 -0.004902 0.999468 59.137036 
0.999470 -0.001911 -0.032504 -1.475514 0.002065 0.999987 0.004717 -0.542256 0.032495 -0.004782 0.999460 59.504244 
0.999476 -0.001941 -0.032296 -1.506391 0.002079 0.999989 0.004232 -0.541376 0.032288 -0.004297 0.999469 59.868878 
0.999458 -0.001553 -0.032898 -1.503203 0.001692 0.999990 0.004191 -0.544818 0.032891 -0.004245 0.999450 60.245034 
0.999449 -0.001361 -0.033159 -1.516877 0.001499 0.999990 0.004162 -0.551708 0.033153 -0.004209 0.999441 60.598838 
0.999437 -0.000660 -0.033536 -1.529330 0.000775 0.999994 0.003417 -0.551041 0.033533 -0.003441 0.999432 60.956486 
0.999443 -0.000675 -0.033353 -1.533301 0.000778 0.999995 0.003086 -0.538297 0.033351 -0.003111 0.999439 61.244647 
0.999443 -0.001124 -0.033351 -1.546739 0.001225 0.999995 0.003008 -0.552851 0.033348 -0.003047 0.999439 61.640631 
0.999450 -0.000759 -0.033151 -1.558552 0.000849 0.999996 0.002692 -0.554493 0.033149 -0.002718 0.999447 61.989742 
0.999450 -0.000374 -0.033163 -1.562341 0.000463 0.999996 0.002676 -0.556324 0.033162 -0.002690 0.999446 62.347141 
0.999454 -0.000294 -0.033041 -1.580277 0.000377 0.999997 0.002527 -0.568540 0.033041 -0.002538 0.999451 62.667763 
0.999463 -0.000154 -0.032776 -1.600496 0.000227 0.999997 0.002247 -0.568340 0.032776 -0.002253 0.999460 63.024107 
0.999472 -0.000313 -0.032487 -1.626568 0.000384 0.999998 0.002178 -0.582567 0.032486 -0.002189 0.999470 63.326724 
0.999486 -0.000533 -0.032063 -1.633211 0.000583 0.999999 0.001552 -0.587055 0.032062 -0.001570 0.999485 63.637731 
0.999483 -0.000782 -0.032137 -1.640903 0.000829 0.999999 0.001440 -0.590650 0.032136 -0.001466 0.999482 64.072590 
0.999480 -0.000279 -0.032240 -1.653430 0.000318 0.999999 0.001197 -0.593788 0.032239 -0.001206 0.999479 64.443303 
0.999480 -0.000190 -0.032249 -1.661625 0.000201 1.000000 0.000327 -0.602135 0.032249 -0.000333 0.999480 64.795539 
0.999495 -0.000955 -0.031777 -1.679369 0.000910 0.999999 -0.001435 -0.609758 0.031779 0.001405 0.999494 65.171466 
0.999523 -0.001309 -0.030867 -1.687197 0.001220 0.999995 -0.002889 -0.616695 0.030871 0.002850 0.999519 65.559193 
0.999573 -0.000987 -0.029215 -1.695977 0.000890 0.999994 -0.003350 -0.616640 0.029218 0.003323 0.999568 65.922549 
0.999636 -0.000060 -0.026989 -1.711244 -0.000005 0.999997 -0.002402 -0.622431 0.026989 0.002401 0.999633 66.298976 
0.999721 0.001128 -0.023585 -1.727492 -0.001164 0.999998 -0.001512 -0.619678 0.023583 0.001539 0.999721 66.660597 
0.999839 0.002329 -0.017810 -1.826338 -0.002365 0.999995 -0.002028 -0.586421 0.017805 0.002070 0.999839 66.833480 
0.999926 0.001660 -0.012061 -1.884648 -0.001690 0.999995 -0.002541 -0.576147 0.012057 0.002561 0.999924 67.141848 
0.999982 0.000282 -0.005968 -1.942353 -0.000294 0.999998 -0.001999 -0.566773 0.005967 0.002001 0.999980 67.452433 
1.000000 -0.000107 -0.000662 -1.951785 0.000105 0.999998 -0.002169 -0.543821 0.000662 0.002169 0.999997 67.912077 
0.999998 0.000049 0.002076 -1.778210 -0.000044 0.999998 -0.002054 -0.587864 -0.002076 0.002054 0.999996 68.668031 
0.999974 0.000102 0.007157 -1.745506 -0.000083 0.999996 -0.002711 -0.621931 -0.007157 0.002710 0.999971 69.281695 
0.999918 0.000431 0.012779 -1.733509 -0.000373 0.999990 -0.004517 -0.625841 -0.012781 0.004512 0.999908 69.794876 
0.999833 0.000540 0.018274 -1.726356 -0.000455 0.999989 -0.004692 -0.627394 -0.018277 0.004683 0.999822 70.298301 
0.999720 -0.000542 0.023676 -1.703697 0.000625 0.999994 -0.003480 -0.627681 -0.023674 0.003494 0.999714 70.809531 
0.999552 -0.000531 0.029932 -1.717741 0.000617 0.999996 -0.002844 -0.620920 -0.029930 0.002861 0.999548 71.257254 
0.999360 -0.000527 0.035767 -1.687201 0.000618 0.999997 -0.002545 -0.644196 -0.035766 0.002565 0.999357 71.850900 
0.999128 -0.000516 0.041745 -1.697787 0.000633 0.999996 -0.002787 -0.642877 -0.041744 0.002811 0.999124 72.382618 
0.998851 -0.001413 0.047911 -1.673413 0.001564 0.999994 -0.003099 -0.645416 -0.047907 0.003171 0.998847 72.924300 
0.998548 -0.001893 0.053836 -1.623921 0.002024 0.999995 -0.002367 -0.659986 -0.053831 0.002473 0.998547 73.536366 
0.998235 -0.001378 0.059367 -1.589577 0.001493 0.999997 -0.001881 -0.665422 -0.059364 0.001966 0.998234 74.103996 
0.997852 -0.001694 0.065491 -1.556847 0.001821 0.999997 -0.001888 -0.676136 -0.065488 0.002003 0.997851 74.698336 
0.997458 -0.002643 0.071210 -1.504820 0.002787 0.999994 -0.001925 -0.675686 -0.071205 0.002118 0.997459 75.367985 
0.997081 -0.002397 0.076313 -1.445325 0.002526 0.999996 -0.001595 -0.680860 -0.076309 0.001783 0.997083 76.028824 
0.996638 -0.002698 0.081890 -1.392375 0.002807 0.999995 -0.001218 -0.685114 -0.081887 0.001444 0.996641 76.676450 
0.996135 -0.002775 0.087791 -1.339366 0.002839 0.999996 -0.000600 -0.684475 -0.087789 0.000847 0.996139 77.399398 
0.995660 -0.002727 0.093030 -1.273166 0.002745 0.999996 -0.000062 -0.691160 -0.093029 0.000317 0.995663 78.053368 
0.995149 -0.003576 0.098310 -1.223065 0.003574 0.999994 0.000199 -0.700570 -0.098310 0.000153 0.995156 78.711824 
0.994823 -0.005098 0.101499 -1.120721 0.005057 0.999987 0.000664 -0.709000 -0.101501 -0.000147 0.994835 79.442806 
0.994593 -0.005522 0.103706 -1.059108 0.005412 0.999984 0.001335 -0.711599 -0.103712 -0.000767 0.994607 80.098575 
0.994510 -0.006625 0.104428 -0.971028 0.006497 0.999978 0.001569 -0.710194 -0.104436 -0.000882 0.994531 80.821193 
0.994435 -0.006752 0.105138 -0.901533 0.006670 0.999977 0.001127 -0.717749 -0.105144 -0.000420 0.994457 81.514027 
0.994463 -0.006441 0.104891 -0.830688 0.006386 0.999979 0.000856 -0.730595 -0.104894 -0.000181 0.994483 82.232596 
0.994597 -0.006963 0.103574 -0.757991 0.006940 0.999976 0.000591 -0.732215 -0.103576 0.000131 0.994622 82.986446 
0.994726 -0.007202 0.102319 -0.681733 0.007201 0.999974 0.000388 -0.739373 -0.102319 0.000351 0.994752 83.749141 
0.994876 -0.007524 0.100825 -0.611532 0.007578 0.999971 -0.000157 -0.740720 -0.100821 0.000920 0.994904 84.515664 
0.995085 -0.007829 0.098711 -0.522010 0.007860 0.999969 0.000069 -0.748312 -0.098708 0.000707 0.995116 85.296827 
0.995360 -0.007389 0.095936 -0.454852 0.007403 0.999973 0.000213 -0.755103 -0.095935 0.000499 0.995387 86.065199 
0.995673 -0.006771 0.092680 -0.398643 0.006872 0.999976 -0.000769 -0.740844 -0.092672 0.001402 0.995696 86.843104 
0.996010 -0.006340 0.089015 -0.347666 0.006370 0.999980 -0.000049 -0.743964 -0.089013 0.000616 0.996030 87.614115 
0.996388 -0.006389 0.084678 -0.283858 0.006319 0.999979 0.001087 -0.750431 -0.084683 -0.000548 0.996408 88.417347 
0.996785 -0.006582 0.079851 -0.219278 0.006442 0.999977 0.002012 -0.753779 -0.079862 -0.001492 0.996805 89.209586 
0.997153 -0.006926 0.075084 -0.174091 0.006748 0.999974 0.002631 -0.756284 -0.075101 -0.002117 0.997174 90.006233 
0.997529 -0.007684 0.069839 -0.124583 0.007482 0.999967 0.003150 -0.756844 -0.069861 -0.002619 0.997553 90.798629 
0.997898 -0.007617 0.064353 -0.077554 0.007441 0.999968 0.002983 -0.757796 -0.064373 -0.002498 0.997923 91.600949 
0.998257 -0.007121 0.058591 -0.030904 0.006970 0.999972 0.002792 -0.764848 -0.058609 -0.002378 0.998278 92.389458 
0.998558 -0.006830 0.053240 0.002141 0.006715 0.999975 0.002334 -0.768095 -0.053255 -0.001973 0.998579 93.168199 
0.998857 -0.005975 0.047424 0.033920 0.005893 0.999981 0.001879 -0.771645 -0.047434 -0.001598 0.998873 93.936135 
0.999101 -0.005930 0.041966 0.063408 0.005878 0.999982 0.001375 -0.771829 -0.041973 -0.001127 0.999118 94.698484 
0.999326 -0.005760 0.036258 0.089151 0.005710 0.999983 0.001502 -0.782941 -0.036266 -0.001294 0.999341 95.467959 
0.999501 -0.005680 0.031084 0.100562 0.005632 0.999983 0.001611 -0.783404 -0.031092 -0.001435 0.999515 96.229481 
0.999658 -0.005255 0.025605 0.115621 0.005203 0.999984 0.002108 -0.792875 -0.025616 -0.001974 0.999670 96.988422 
0.999782 -0.005344 0.020184 0.124692 0.005297 0.999983 0.002385 -0.801021 -0.020197 -0.002277 0.999793 97.734574 
0.999874 -0.005105 0.015034 0.120851 0.005081 0.999986 0.001632 -0.799720 -0.015042 -0.001555 0.999886 98.480949 
0.999939 -0.005325 0.009725 0.131908 0.005308 0.999984 0.001816 -0.810307 -0.009735 -0.001764 0.999951 99.218830 
0.999972 -0.005826 0.004738 0.127390 0.005820 0.999982 0.001209 -0.801362 -0.004745 -0.001181 0.999988 99.954538 
0.999986 -0.005263 0.000196 0.113634 0.005263 0.999986 0.001082 -0.814636 -0.000202 -0.001081 0.999999 100.689937 
0.999981 -0.005005 -0.003693 0.091260 0.005011 0.999986 0.001654 -0.821902 0.003684 -0.001673 0.999992 101.416808 
0.999957 -0.005396 -0.007509 0.096200 0.005409 0.999984 0.001679 -0.835790 0.007500 -0.001719 0.999970 102.157206 
0.999923 -0.005942 -0.010909 0.090139 0.005969 0.999979 0.002480 -0.848718 0.010894 -0.002544 0.999937 102.895141 
0.999890 -0.005257 -0.013878 0.079888 0.005286 0.999984 0.002022 -0.850721 0.013867 -0.002095 0.999902 103.613445 
0.999853 -0.005094 -0.016391 0.069538 0.005106 0.999987 0.000732 -0.850924 0.016387 -0.000816 0.999865 104.342311 
0.999819 -0.003949 -0.018605 0.054391 0.003937 0.999992 -0.000671 -0.852387 0.018608 0.000598 0.999827 105.095345 
0.999789 -0.004025 -0.020126 0.021755 0.003993 0.999991 -0.001628 -0.860328 0.020132 0.001547 0.999796 105.790413 
0.999766 -0.004294 -0.021200 -0.030684 0.004278 0.999991 -0.000791 -0.868368 0.021203 0.000700 0.999775 106.454749 
0.999744 -0.004263 -0.022217 -0.074705 0.004231 0.999990 -0.001458 -0.868401 0.022223 0.001364 0.999752 107.130753 
0.999705 -0.004647 -0.023833 -0.083161 0.004599 0.999987 -0.002055 -0.876646 0.023842 0.001945 0.999714 107.886420 
0.999643 -0.004675 -0.026293 -0.088039 0.004626 0.999988 -0.001896 -0.881086 0.026302 0.001774 0.999652 108.764019 
0.999635 -0.006144 -0.026316 -0.185656 0.006107 0.999980 -0.001491 -0.901546 0.026325 0.001330 0.999653 109.428707 
0.999578 -0.005117 -0.028592 -0.174689 0.005058 0.999985 -0.002130 -0.891869 0.028602 0.001984 0.999589 110.257025 
0.999548 -0.004951 -0.029664 -0.211844 0.004871 0.999984 -0.002772 -0.870224 0.029677 0.002626 0.999556 111.004481 
0.999520 -0.005053 -0.030554 -0.245865 0.004950 0.999982 -0.003466 -0.867115 0.030571 0.003313 0.999527 111.742856 
0.999472 -0.004796 -0.032124 -0.267844 0.004707 0.999985 -0.002845 -0.910567 0.032137 0.002692 0.999480 112.531931 
0.999454 -0.005058 -0.032658 -0.328182 0.004963 0.999983 -0.002993 -0.914483 0.032672 0.002830 0.999462 113.227518 
0.999414 -0.005758 -0.033728 -0.377116 0.005657 0.999979 -0.003083 -0.916880 0.033745 0.002890 0.999426 113.974027 
0.999403 -0.006496 -0.033939 -0.473530 0.006399 0.999975 -0.002981 -0.912744 0.033958 0.002762 0.999419 114.617342 
0.999375 -0.006833 -0.034685 -0.565638 0.006722 0.999972 -0.003301 -0.900540 0.034707 0.003066 0.999393 115.324185 
0.999285 -0.006806 -0.037178 -0.609485 0.006688 0.999972 -0.003297 -0.899277 0.037200 0.003046 0.999303 116.083700 
0.999239 -0.007386 -0.038294 -0.691347 0.007232 0.999965 -0.004154 -0.883352 0.038323 0.003873 0.999258 116.755052 
0.999182 -0.006909 -0.039857 -0.743383 0.006759 0.999970 -0.003903 -0.896010 0.039883 0.003630 0.999198 117.392742 
0.999101 -0.008089 -0.041614 -0.815306 0.007883 0.999956 -0.005129 -0.893488 0.041653 0.004796 0.999121 118.110944 
0.999030 -0.007749 -0.043348 -0.872998 0.007524 0.999957 -0.005354 -0.908886 0.043388 0.005023 0.999046 118.812736 
0.998973 -0.007897 -0.044605 -0.941192 0.007652 0.999955 -0.005655 -0.911303 0.044647 0.005308 0.998989 119.546337 
0.998826 -0.007760 -0.047807 -0.966718 0.007502 0.999956 -0.005576 -0.935209 0.047848 0.005211 0.998841 120.390535 
0.998676 -0.007790 -0.050849 -0.981539 0.007555 0.999960 -0.004811 -0.969024 0.050884 0.004420 0.998695 121.192470 
0.998517 -0.008346 -0.053791 -1.008950 0.008125 0.999958 -0.004321 -0.985396 0.053825 0.003878 0.998543 122.031290 
0.998429 -0.007755 -0.055495 -1.064792 0.007549 0.999964 -0.003907 -0.996963 0.055523 0.003482 0.998451 122.821203 
0.998295 -0.007870 -0.057838 -1.104028 0.007659 0.999963 -0.003878 -1.003538 0.057866 0.003428 0.998318 123.589401 
0.998184 -0.007983 -0.059710 -1.158162 0.007781 0.999963 -0.003607 -1.010711 0.059736 0.003136 0.998209 124.376418 
0.998085 -0.008009 -0.061329 -1.222902 0.007755 0.999960 -0.004381 -1.020585 0.061361 0.003897 0.998108 125.125518 
0.997927 -0.009221 -0.063698 -1.266565 0.008945 0.999949 -0.004622 -1.037519 0.063738 0.004042 0.997959 125.875758 
0.997794 -0.010207 -0.065600 -1.350088 0.009950 0.999941 -0.004243 -1.044975 0.065640 0.003581 0.997837 126.743961 
0.997747 -0.009491 -0.066416 -1.464709 0.009287 0.999951 -0.003374 -1.045220 0.066445 0.002750 0.997786 127.587123 
0.997541 -0.011224 -0.069180 -1.512978 0.011018 0.999934 -0.003357 -1.063183 0.069213 0.002587 0.997599 128.509925 
0.997467 -0.011327 -0.070228 -1.594452 0.011143 0.999933 -0.003009 -1.061259 0.070258 0.002219 0.997526 129.400505 
0.997442 -0.011996 -0.070464 -1.698375 0.011823 0.999926 -0.002877 -1.053740 0.070494 0.002037 0.997510 130.194854 
0.997444 -0.010775 -0.070638 -1.791518 0.010586 0.999939 -0.003054 -1.054566 0.070666 0.002298 0.997497 131.066102 
0.997410 -0.010431 -0.071160 -1.871250 0.010292 0.999944 -0.002326 -1.065931 0.071180 0.001587 0.997462 131.971015 
0.997483 -0.007927 -0.070466 -1.962839 0.007750 0.999966 -0.002786 -1.077301 0.070485 0.002232 0.997510 132.796442 
0.997519 -0.007989 -0.069939 -2.052057 0.007819 0.999966 -0.002708 -1.091535 0.069958 0.002155 0.997548 133.633067 
0.997632 -0.005418 -0.068565 -2.154655 0.005181 0.999980 -0.003629 -1.129260 0.068583 0.003265 0.997640 134.387774 
0.997619 -0.007989 -0.068501 -2.156535 0.007759 0.999963 -0.003622 -1.122578 0.068527 0.003082 0.997644 135.015271 
0.997654 -0.006573 -0.068142 -2.222024 0.006302 0.999971 -0.004187 -1.139955 0.068167 0.003748 0.997667 135.734597 
0.997609 -0.004134 -0.068989 -2.259224 0.003857 0.999984 -0.004144 -1.161551 0.069005 0.003868 0.997609 136.425634 
0.997551 -0.000819 -0.069939 -2.313136 0.000542 0.999992 -0.003974 -1.161039 0.069942 0.003927 0.997543 137.176780 
0.997543 -0.000728 -0.070059 -2.382261 0.000456 0.999992 -0.003897 -1.155157 0.070061 0.003856 0.997535 137.921740 
0.997608 -0.001202 -0.069120 -2.472545 0.000881 0.999989 -0.004664 -1.149208 0.069124 0.004592 0.997597 138.655300 
0.997654 0.000618 -0.068460 -2.551950 -0.000921 0.999990 -0.004389 -1.164632 0.068456 0.004442 0.997644 139.340582 
0.997656 0.002767 -0.068368 -2.607557 -0.003048 0.999987 -0.004006 -1.167098 0.068356 0.004205 0.997652 140.012352 
0.997729 0.003414 -0.067268 -2.701952 -0.003731 0.999983 -0.004582 -1.160569 0.067251 0.004823 0.997724 140.715653 
0.997722 0.002845 -0.067397 -2.777428 -0.003155 0.999985 -0.004482 -1.179705 0.067383 0.004684 0.997716 141.426470 
0.997779 0.002437 -0.066570 -2.842288 -0.002792 0.999982 -0.005248 -1.198693 0.066556 0.005422 0.997768 142.124018 
0.997830 0.003504 -0.065747 -2.906677 -0.003880 0.999977 -0.005591 -1.218175 0.065726 0.005834 0.997821 142.851739 
0.997830 0.001779 -0.065822 -2.966576 -0.002197 0.999978 -0.006270 -1.229977 0.065810 0.006401 0.997812 143.608780 
0.997865 0.000811 -0.065299 -3.048517 -0.001141 0.999987 -0.005016 -1.250820 0.065294 0.005080 0.997853 144.447025 
0.997866 0.003012 -0.065232 -3.125885 -0.003288 0.999986 -0.004124 -1.263262 0.065219 0.004330 0.997862 145.319459 
0.997871 0.004160 -0.065090 -3.175922 -0.004397 0.999984 -0.003502 -1.289888 0.065075 0.003781 0.997873 146.094576 
0.997896 0.004212 -0.064704 -3.241829 -0.004496 0.999981 -0.004240 -1.293609 0.064684 0.004522 0.997896 146.844273 
0.997920 0.005156 -0.064252 -3.295571 -0.005424 0.999977 -0.003994 -1.300403 0.064230 0.004334 0.997926 147.543362 
0.997890 0.006686 -0.064581 -3.352054 -0.006833 0.999975 -0.002055 -1.339372 0.064565 0.002492 0.997910 148.431478 
0.997888 0.007662 -0.064503 -3.404699 -0.007763 0.999969 -0.001314 -1.341290 0.064491 0.001812 0.997917 149.142934 
0.997879 0.010477 -0.064240 -3.468216 -0.010520 0.999945 -0.000318 -1.345846 0.064234 0.000993 0.997934 149.957112 
0.997902 0.010158 -0.063936 -3.525163 -0.010109 0.999948 0.001089 -1.362500 0.063944 -0.000440 0.997953 150.662236 
0.997900 0.011734 -0.063707 -3.588682 -0.011630 0.999930 0.001995 -1.367320 0.063725 -0.001249 0.997967 151.419500 
0.997840 0.011688 -0.064648 -3.624505 -0.011595 0.999931 0.001817 -1.388898 0.064665 -0.001064 0.997906 152.124616 
0.997799 0.013248 -0.064979 -3.663685 -0.013188 0.999912 0.001350 -1.396790 0.064991 -0.000490 0.997886 152.849238 
0.997744 0.013127 -0.065836 -3.717478 -0.013102 0.999914 0.000811 -1.395216 0.065841 0.000054 0.997830 153.620093 
0.997693 0.014280 -0.066366 -3.765825 -0.014327 0.999897 -0.000234 -1.395817 0.066356 0.001185 0.997795 154.378039 
0.997634 0.014364 -0.067233 -3.817285 -0.014458 0.999895 -0.000907 -1.403308 0.067213 0.001877 0.997737 155.103804 
0.997558 0.014783 -0.068255 -3.880173 -0.014952 0.999886 -0.001966 -1.404220 0.068219 0.002982 0.997666 155.861134 
0.997595 0.015467 -0.067569 -3.965082 -0.015682 0.999874 -0.002654 -1.406554 0.067520 0.003707 0.997711 156.544278 
0.997492 0.015717 -0.069012 -4.008138 -0.015863 0.999873 -0.001572 -1.421179 0.068978 0.002662 0.997615 157.226749 
0.997469 0.015603 -0.069368 -4.074768 -0.015658 0.999877 -0.000241 -1.433750 0.069356 0.001326 0.997591 157.887664 
0.997435 0.015833 -0.069811 -4.143489 -0.015822 0.999875 0.000716 -1.438513 0.069813 0.000390 0.997560 158.564048 
0.997437 0.016637 -0.069587 -4.225768 -0.016589 0.999862 0.001260 -1.451785 0.069598 -0.000102 0.997575 159.229762 
0.997464 0.017988 -0.068868 -4.307516 -0.017907 0.999838 0.001795 -1.454366 0.068890 -0.000557 0.997624 159.892167 
0.997446 0.018135 -0.069085 -4.378350 -0.018037 0.999835 0.002029 -1.459826 0.069111 -0.000777 0.997609 160.571063 
0.997411 0.019378 -0.069252 -4.441064 -0.019349 0.999812 0.001089 -1.462869 0.069260 0.000253 0.997599 161.224397 
0.997353 0.020222 -0.069837 -4.484516 -0.020240 0.999795 0.000458 -1.469028 0.069831 0.000957 0.997558 161.854593 
0.997295 0.019803 -0.070790 -4.515307 -0.019784 0.999804 0.000973 -1.485766 0.070795 0.000430 0.997491 162.479235 
0.997285 0.019212 -0.071093 -4.553686 -0.019162 0.999815 0.001376 -1.485168 0.071106 -0.000010 0.997469 163.082921 
0.997117 0.018692 -0.073538 -4.558629 -0.018492 0.999823 0.003403 -1.514187 0.073588 -0.002033 0.997287 163.699525 
0.997075 0.018826 -0.074070 -4.621579 -0.018570 0.999819 0.004144 -1.528429 0.074134 -0.002756 0.997244 164.387366 
0.997000 0.018251 -0.075215 -4.644232 -0.018018 0.999831 0.003778 -1.525022 0.075271 -0.002412 0.997160 164.968818 
0.996922 0.018282 -0.076239 -4.697158 -0.018036 0.999830 0.003910 -1.536881 0.076297 -0.002523 0.997082 165.637698 
0.996922 0.018012 -0.076301 -4.754153 -0.017724 0.999833 0.004457 -1.544771 0.076369 -0.003091 0.997075 166.272110 
0.996899 0.018326 -0.076524 -4.802345 -0.017963 0.999824 0.005433 -1.546331 0.076611 -0.004042 0.997053 166.907479 
0.996857 0.018626 -0.076995 -4.862367 -0.018218 0.999816 0.006002 -1.551576 0.077093 -0.004580 0.997013 167.576124 
0.996876 0.017564 -0.077011 -4.903115 -0.017163 0.999835 0.005868 -1.556758 0.077101 -0.004528 0.997013 168.170762 
0.996808 0.017143 -0.077969 -4.947108 -0.016727 0.999842 0.005981 -1.563432 0.078059 -0.004658 0.996938 168.794536 
0.996797 0.016877 -0.078174 -4.984891 -0.016466 0.999847 0.005898 -1.570834 0.078262 -0.004592 0.996922 169.404680 
0.996800 0.016561 -0.078203 -5.053626 -0.016190 0.999854 0.005381 -1.568240 0.078281 -0.004098 0.996923 170.053549 
0.996783 0.015893 -0.078561 -5.095859 -0.015591 0.999869 0.004451 -1.571529 0.078621 -0.003212 0.996899 170.652489 
0.996734 0.015311 -0.079294 -5.143439 -0.015050 0.999879 0.003888 -1.579363 0.079344 -0.002682 0.996844 171.262242 
0.996710 0.014680 -0.079711 -5.194345 -0.014484 0.999890 0.003036 -1.586168 0.079747 -0.001871 0.996813 171.874396 
0.996628 0.015292 -0.080611 -5.248548 -0.015140 0.999882 0.002491 -1.593321 0.080640 -0.001262 0.996743 172.490878 
0.996646 0.014311 -0.080577 -5.301161 -0.014176 0.999897 0.002245 -1.602661 0.080601 -0.001096 0.996746 173.095234 
0.996647 0.014356 -0.080556 -5.346578 -0.014216 0.999896 0.002305 -1.610919 0.080581 -0.001153 0.996747 173.689640 
0.996644 0.014574 -0.080547 -5.415402 -0.014409 0.999893 0.002623 -1.620117 0.080576 -0.001453 0.996747 174.314212 
0.996646 0.013931 -0.080643 -5.468131 -0.013775 0.999902 0.002487 -1.629013 0.080670 -0.001368 0.996740 174.924896 
0.996632 0.013048 -0.080960 -5.524066 -0.012835 0.999913 0.003153 -1.641104 0.080994 -0.002103 0.996712 175.527310 
0.996632 0.011748 -0.081153 -5.584644 -0.011535 0.999929 0.003093 -1.654480 0.081183 -0.002146 0.996697 176.145677 
0.996615 0.011178 -0.081445 -5.639391 -0.011022 0.999936 0.002368 -1.664160 0.081466 -0.001462 0.996675 176.752323 
0.996555 0.011472 -0.082140 -5.690749 -0.011389 0.999934 0.001480 -1.667792 0.082152 -0.000539 0.996620 177.364596 
0.996548 0.012166 -0.082125 -5.749993 -0.012101 0.999926 0.001288 -1.670007 0.082135 -0.000289 0.996621 177.970087 
0.996558 0.010505 -0.082229 -5.799182 -0.010465 0.999945 0.000919 -1.675230 0.082234 -0.000056 0.996613 178.558606 
0.996527 0.010221 -0.082646 -5.852954 -0.010178 0.999948 0.000937 -1.686548 0.082651 -0.000093 0.996579 179.158665 
0.996535 0.011162 -0.082427 -5.913410 -0.011051 0.999937 0.001798 -1.696741 0.082442 -0.000881 0.996595 179.761206 
0.996470 0.011685 -0.083132 -5.965144 -0.011531 0.999931 0.002335 -1.707911 0.083153 -0.001368 0.996536 180.354744 
0.996455 0.010907 -0.083414 -6.016729 -0.010770 0.999940 0.002082 -1.711117 0.083432 -0.001177 0.996513 180.929915 
0.996456 0.011833 -0.083284 -6.075367 -0.011648 0.999928 0.002705 -1.717020 0.083310 -0.001725 0.996522 181.519724 
0.996421 0.011310 -0.083774 -6.129094 -0.011135 0.999935 0.002549 -1.724994 0.083798 -0.001607 0.996481 182.108927 
0.996367 0.010084 -0.084565 -6.178533 -0.009874 0.999947 0.002901 -1.732251 0.084590 -0.002055 0.996414 182.683580 
0.996337 0.009561 -0.084983 -6.231773 -0.009345 0.999952 0.002944 -1.739861 0.085007 -0.002140 0.996378 183.261033 
0.996296 0.009086 -0.085505 -6.287524 -0.008885 0.999957 0.002731 -1.746647 0.085526 -0.001962 0.996334 183.834748 
0.996250 0.008774 -0.086079 -6.339445 -0.008574 0.999960 0.002700 -1.754031 0.086099 -0.001952 0.996285 184.402527 
0.996243 0.008328 -0.086202 -6.395752 -0.008140 0.999964 0.002531 -1.756581 0.086220 -0.001819 0.996274 184.970531 
0.996188 0.008857 -0.086786 -6.450687 -0.008718 0.999960 0.001988 -1.756013 0.086800 -0.001224 0.996225 185.529854 
0.996192 0.009742 -0.086635 -6.506070 -0.009611 0.999952 0.001930 -1.766597 0.086650 -0.001090 0.996238 186.084187 
0.996152 0.008011 -0.087272 -6.552292 -0.007833 0.999966 0.002384 -1.780156 0.087289 -0.001691 0.996182 186.631025 
0.996120 0.009334 -0.087512 -6.611421 -0.009147 0.999955 0.002544 -1.783062 0.087532 -0.001733 0.996160 187.187066 
0.996063 0.009842 -0.088095 -6.663400 -0.009676 0.999951 0.002307 -1.793547 0.088113 -0.001445 0.996109 187.739864 
0.996031 0.008410 -0.088613 -6.711949 -0.008266 0.999964 0.001993 -1.805207 0.088627 -0.001253 0.996064 188.287558 
0.995989 0.009165 -0.089004 -6.763312 -0.009011 0.999957 0.002137 -1.813220 0.089020 -0.001327 0.996029 188.837334 
0.995984 0.008811 -0.089100 -6.819795 -0.008692 0.999961 0.001727 -1.822125 0.089112 -0.000946 0.996021 189.388120 
0.995986 0.007604 -0.089181 -6.874262 -0.007516 0.999971 0.001321 -1.835496 0.089188 -0.000646 0.996015 189.937983 
0.995958 0.007400 -0.089511 -6.920806 -0.007333 0.999973 0.001070 -1.843883 0.089516 -0.000409 0.995985 190.483869 
0.995909 0.008153 -0.089996 -6.967801 -0.008145 0.999967 0.000459 -1.848561 0.089997 0.000276 0.995942 191.035384 
0.995888 0.010026 -0.090042 -7.019429 -0.010057 0.999949 0.000107 -1.845579 0.090038 0.000799 0.995938 191.588706 
0.995864 0.008740 -0.090435 -7.065542 -0.008729 0.999962 0.000513 -1.858272 0.090436 0.000279 0.995902 192.136151 
0.995826 0.009287 -0.090794 -7.111445 -0.009287 0.999957 0.000419 -1.866181 0.090794 0.000426 0.995870 192.687448 
0.995767 0.008299 -0.091538 -7.157490 -0.008270 0.999966 0.000704 -1.883413 0.091540 0.000056 0.995801 193.236912 
