1.000000 0.000000 0.000000 0.000000 0.000000 1.000000 0.000000 0.000000 0.000000 0.000000 1.000000 0.000000 
0.999991 0.000204 -0.004341 0.172874 -0.000202 1.000000 0.000676 -0.040854 0.004341 -0.000675 0.999990 1.399128 
0.999887 -0.001233 -0.015014 0.503128 0.001022 0.999901 -0.014022 0.383294 0.015030 0.014005 0.999789 2.807097 
0.999995 0.002918 -0.001331 -0.027566 -0.002920 0.999995 -0.001473 -0.084826 0.001326 0.001477 0.999998 4.666777 
0.999989 0.004690 -0.000803 -0.044217 -0.004692 0.999986 -0.002434 -0.117415 0.000792 0.002438 0.999997 6.238984 
0.999975 0.006972 0.001141 -0.078182 -0.006968 0.999969 -0.003531 -0.131661 -0.001165 0.003523 0.999993 7.704637 
0.999946 0.009495 0.004143 -0.104390 -0.009480 0.999949 -0.003599 -0.150873 -0.004177 0.003560 0.999985 9.203577 
0.999912 0.010106 0.008643 -0.114186 -0.010063 0.999937 -0.005046 -0.167616 -0.008694 0.004958 0.999950 10.678340 
0.999848 0.010442 0.013933 -0.116226 -0.010391 0.999939 -0.003713 -0.210231 -0.013971 0.003568 0.999896 12.171998 
0.999739 0.010581 0.020233 -0.113078 -0.010520 0.999940 -0.003104 -0.249778 -0.020265 0.002890 0.999790 13.588763 
0.999414 0.011473 0.032238 -0.129356 -0.011356 0.999928 -0.003805 -0.273046 -0.032279 0.003437 0.999473 15.066771 
0.999068 0.012777 0.041234 -0.097365 -0.012586 0.999909 -0.004891 -0.291207 -0.041293 0.004367 0.999138 16.506613 
0.998425 0.015055 0.054036 -0.081009 -0.014802 0.999878 -0.005080 -0.333347 -0.054106 0.004273 0.998526 17.918592 
0.997566 0.016417 0.067772 -0.003181 -0.016101 0.999857 -0.005212 -0.369216 -0.067848 0.004109 0.997687 19.260086 
0.996368 0.018130 0.083200 0.117303 -0.017811 0.999831 -0.004580 -0.423419 -0.083269 0.003081 0.996522 20.593456 
0.994684 0.019414 0.101129 0.239506 -0.018923 0.999804 -0.005812 -0.454942 -0.101222 0.003867 0.994856 21.890673 
0.992366 0.021335 0.121466 0.368348 -0.020929 0.999770 -0.004620 -0.474699 -0.121536 0.002042 0.992585 23.196859 
0.989395 0.018826 0.144027 0.520952 -0.018380 0.999821 -0.004422 -0.513940 -0.144084 0.001728 0.989564 24.462340 
0.985840 0.019394 0.166562 0.701150 -0.018273 0.999799 -0.008260 -0.546791 -0.166689 0.005099 0.985996 25.700672 
0.981688 0.014853 0.189915 0.904447 -0.012664 0.999839 -0.012734 -0.571166 -0.190073 0.010096 0.981718 26.919420 
0.977056 0.009848 0.212753 1.162038 -0.007744 0.999913 -0.010721 -0.602557 -0.212840 0.008827 0.977047 28.150790 
0.972022 0.000504 0.234890 1.475717 0.001568 0.999961 -0.008634 -0.637551 -0.234885 0.008760 0.971984 29.364615 
0.966484 -0.002298 0.256717 1.782352 0.004715 0.999950 -0.008800 -0.689650 -0.256684 0.009715 0.966447 30.543411 
0.959981 -0.006381 0.279991 2.119462 0.009932 0.999887 -0.011266 -0.715309 -0.279888 0.013596 0.959936 31.720874 
0.952654 -0.006584 0.303986 2.493001 0.011195 0.999847 -0.013428 -0.747463 -0.303852 0.016195 0.952582 32.887417 
0.944727 -0.005962 0.327805 2.902627 0.011655 0.999813 -0.015407 -0.774276 -0.327652 0.018376 0.944620 34.045218 
0.935931 -0.006907 0.352117 3.327879 0.012955 0.999806 -0.014821 -0.807684 -0.351946 0.018433 0.935839 35.200651 
0.926366 -0.007627 0.376548 3.770112 0.013737 0.999814 -0.013544 -0.824315 -0.376375 0.017720 0.926298 36.324685 
0.916004 -0.009314 0.401061 4.244494 0.015909 0.999787 -0.013118 -0.865280 -0.400854 0.018397 0.915957 37.428202 
0.904677 -0.007130 0.426037 4.747841 0.015306 0.999759 -0.015769 -0.893630 -0.425822 0.020787 0.904568 38.519977 
0.892413 -0.004720 0.451195 5.281887 0.014681 0.999720 -0.018580 -0.928220 -0.450981 0.023205 0.892232 39.598713 
0.879255 -0.002321 0.476346 5.843646 0.014322 0.999665 -0.021565 -0.966242 -0.476136 0.025783 0.878993 40.658233 
0.865342 -0.000028 0.501181 6.445439 0.013306 0.999649 -0.022917 -0.999609 -0.501004 0.026499 0.865039 41.713540 
0.850633 0.000909 0.525759 7.048800 0.013760 0.999617 -0.023990 -1.043305 -0.525579 0.027641 0.850295 42.711626 
0.834517 0.003489 0.550971 7.684808 0.013402 0.999556 -0.026629 -1.084583 -0.550819 0.029606 0.834099 43.702650 
0.818210 0.005855 0.574889 8.329557 0.013896 0.999455 -0.029956 -1.140658 -0.574751 0.032499 0.817683 44.652757 
0.801095 0.009120 0.598468 9.007659 0.012887 0.999389 -0.032479 -1.201783 -0.598398 0.033732 0.800488 45.589496 
0.783067 0.010794 0.621844 9.728457 0.013857 0.999298 -0.034796 -1.244752 -0.621783 0.035865 0.782368 46.511241 
0.764644 0.011173 0.644356 10.480783 0.016552 0.999179 -0.036968 -1.318854 -0.644241 0.038933 0.763831 47.393069 
0.745757 0.013669 0.666078 11.256627 0.016839 0.999083 -0.039356 -1.380894 -0.666006 0.040566 0.744843 48.268315 
0.726273 0.015217 0.687238 12.101698 0.018503 0.998960 -0.041674 -1.444176 -0.687158 0.042983 0.725236 49.132809 
0.705603 0.017391 0.708394 12.964430 0.020275 0.998794 -0.044716 -1.502712 -0.708317 0.045914 0.704399 49.992809 
0.683506 0.020200 0.729666 13.808929 0.020952 0.998662 -0.047273 -1.571410 -0.729645 0.047600 0.682168 50.817088 
0.661508 0.023408 0.749573 14.694818 0.021158 0.998532 -0.049855 -1.637191 -0.749639 0.048838 0.660042 51.612810 
0.638805 0.024936 0.768964 15.600060 0.022080 0.998469 -0.050721 -1.719166 -0.769051 0.049379 0.637277 52.365342 
0.614760 0.028786 0.788189 16.524808 0.020548 0.998410 -0.052491 -1.783600 -0.788447 0.048465 0.613191 53.116547 
0.590183 0.030990 0.806674 17.492415 0.021415 0.998310 -0.054020 -1.853588 -0.806985 0.049157 0.588522 53.822572 
0.566207 0.033313 0.823590 18.500258 0.022895 0.998162 -0.056114 -1.937608 -0.823945 0.050629 0.564403 54.489545 
0.542061 0.035541 0.839587 19.521830 0.025019 0.997980 -0.058399 -2.016491 -0.839966 0.052661 0.540077 55.135116 
0.517473 0.038107 0.854851 20.573567 0.027298 0.997764 -0.061002 -2.094476 -0.855264 0.054903 0.515276 55.786843 
0.493009 0.039933 0.869107 21.615640 0.029134 0.997628 -0.062365 -2.175014 -0.869536 0.056067 0.490677 56.395755 
0.468450 0.042952 0.882445 22.667253 0.029833 0.997479 -0.064388 -2.258462 -0.882986 0.056489 0.465988 56.985286 
0.443850 0.043247 0.895057 23.742926 0.031585 0.997459 -0.063857 -2.359537 -0.895544 0.056614 0.441357 57.516745 
0.419028 0.043978 0.906908 24.856637 0.031220 0.997538 -0.062798 -2.461040 -0.907437 0.054628 0.416623 58.035971 
0.393928 0.044916 0.918043 25.970601 0.031223 0.997575 -0.062205 -2.551483 -0.918611 0.053168 0.391570 58.526399 
0.369376 0.048880 0.927994 27.112767 0.030711 0.997428 -0.064761 -2.638470 -0.928772 0.052420 0.366925 58.996619 
0.345366 0.051478 0.937055 28.226036 0.033116 0.997204 -0.066987 -2.723063 -0.937883 0.054166 0.342696 59.422120 
0.323107 0.053033 0.944875 29.370318 0.034678 0.997095 -0.067823 -2.829946 -0.945727 0.054681 0.320329 59.823760 
0.302011 0.054320 0.951756 30.523888 0.039226 0.996822 -0.069340 -2.924390 -0.952497 0.058275 0.298920 60.190428 
0.282736 0.055907 0.957567 31.697861 0.043818 0.996505 -0.071119 -3.032164 -0.958196 0.062067 0.279298 60.516912 
0.266064 0.058536 0.962176 32.899725 0.048643 0.996068 -0.074049 -3.130405 -0.962727 0.066505 0.262170 60.811461 
0.250865 0.062310 0.966015 34.099337 0.053435 0.995513 -0.078089 -3.214832 -0.966546 0.071209 0.246410 61.116063 
0.238120 0.065119 0.969050 35.299347 0.056878 0.995102 -0.080846 -3.318121 -0.969569 0.074368 0.233250 61.406080 
0.227818 0.066398 0.971437 36.508559 0.058777 0.994915 -0.081787 -3.419181 -0.971928 0.075731 0.222757 61.675479 
0.217990 0.066693 0.973670 37.733964 0.061036 0.994778 -0.081804 -3.515424 -0.974041 0.077261 0.212781 61.964390 
0.209244 0.067636 0.975522 38.986436 0.063221 0.994582 -0.082518 -3.621046 -0.975818 0.078940 0.203834 62.243493 
0.200826 0.068482 0.977230 40.256511 0.064852 0.994436 -0.083015 -3.719230 -0.977478 0.080047 0.195267 62.502777 
0.193125 0.068197 0.978801 41.544022 0.067394 0.994304 -0.082574 -3.825985 -0.978857 0.081913 0.187429 62.739327 
0.185400 0.067260 0.980359 42.852889 0.070633 0.994162 -0.081565 -3.954739 -0.980121 0.084368 0.179566 63.004952 
0.179157 0.065918 0.981610 44.182609 0.073377 0.994079 -0.080147 -4.070122 -0.981080 0.086386 0.173259 63.251374 
0.173974 0.064323 0.982647 45.520152 0.075134 0.994089 -0.078374 -4.178212 -0.981880 0.087465 0.168113 63.473187 
0.168710 0.063035 0.983648 46.866420 0.076641 0.994093 -0.076849 -4.289013 -0.982682 0.088353 0.162882 63.686243 
0.163247 0.066011 0.984374 48.225440 0.075007 0.994041 -0.079098 -4.401088 -0.983730 0.086747 0.157323 63.909226 
0.157909 0.069125 0.985031 49.589192 0.071614 0.994118 -0.081243 -4.516045 -0.984853 0.083371 0.152030 64.111321 
0.151953 0.068584 0.986005 50.971078 0.071027 0.994253 -0.080104 -4.637299 -0.985832 0.082205 0.146208 64.315177 
0.145330 0.067999 0.987044 52.371050 0.068306 0.994565 -0.078574 -4.743030 -0.987023 0.078840 0.139895 64.527146 
0.139272 0.066365 0.988028 53.811272 0.069189 0.994661 -0.076563 -4.855010 -0.987834 0.079024 0.133937 64.732349 
0.133939 0.066571 0.988751 55.255232 0.070037 0.994610 -0.076453 -4.970102 -0.988512 0.079489 0.128555 64.914645 
0.128611 0.066424 0.989468 56.721940 0.072183 0.994481 -0.076143 -5.099453 -0.989065 0.081216 0.123106 65.102970 
0.125253 0.065936 0.989931 58.187572 0.073908 0.994397 -0.075585 -5.212578 -0.989368 0.082631 0.119678 65.278448 
0.122354 0.064217 0.990407 59.660821 0.074805 0.994469 -0.073722 -5.323484 -0.989663 0.083108 0.116874 65.466308 
0.121255 0.061658 0.990705 61.157310 0.076198 0.994546 -0.071223 -5.457534 -0.989692 0.084126 0.115895 65.630718 
0.119784 0.060386 0.990962 62.634258 0.076845 0.994590 -0.069896 -5.583961 -0.989822 0.084523 0.114495 65.793365 
0.118287 0.061942 0.991046 64.116355 0.075744 0.994582 -0.071203 -5.682947 -0.990086 0.083488 0.112955 65.954228 
0.116951 0.063218 0.991124 65.603364 0.075996 0.994476 -0.072399 -5.785937 -0.990226 0.083789 0.111501 66.111441 
0.115665 0.064171 0.991213 67.116059 0.076120 0.994404 -0.073260 -5.893060 -0.990367 0.083925 0.110133 66.286124 
0.114864 0.063669 0.991339 68.637080 0.075843 0.994469 -0.072658 -6.021151 -0.990482 0.083532 0.109400 66.454428 
0.113721 0.063434 0.991486 70.152770 0.074923 0.994570 -0.072225 -6.137094 -0.990684 0.082498 0.108351 66.629605 
0.112231 0.062409 0.991720 71.674595 0.077351 0.994449 -0.071334 -6.258258 -0.990667 0.084717 0.106780 66.829233 
0.111626 0.061363 0.991854 73.216144 0.078960 0.994388 -0.070406 -6.382307 -0.990608 0.086176 0.106155 67.004880 
0.111214 0.060616 0.991946 74.754301 0.081203 0.994246 -0.069861 -6.495409 -0.990473 0.088319 0.105652 67.165260 
0.111385 0.059443 0.991998 76.277111 0.084212 0.994054 -0.069022 -6.612096 -0.990203 0.091226 0.105717 67.311911 
0.110678 0.058475 0.992135 77.807060 0.086141 0.993947 -0.068191 -6.741135 -0.990116 0.093010 0.104971 67.494516 
0.109765 0.058138 0.992256 79.323241 0.087448 0.993852 -0.067905 -6.870172 -0.990103 0.094225 0.104007 67.679702 
0.109817 0.058580 0.992224 80.842091 0.088236 0.993746 -0.068435 -6.966745 -0.990028 0.095065 0.103962 67.834845 
0.110010 0.059856 0.992127 82.361576 0.087727 0.993705 -0.069679 -7.065582 -0.990051 0.094702 0.104067 67.973872 
0.109420 0.060570 0.992148 83.889897 0.087916 0.993640 -0.070357 -7.194940 -0.990100 0.094925 0.103399 68.132470 
0.108778 0.061407 0.992168 85.398317 0.087079 0.993665 -0.071047 -7.324372 -0.990245 0.094126 0.102741 68.286882 
0.108412 0.060896 0.992239 86.915537 0.088111 0.993605 -0.070607 -7.448910 -0.990194 0.095082 0.102353 68.440792 
0.108407 0.058913 0.992359 88.442121 0.087609 0.993792 -0.068569 -7.575768 -0.990239 0.094373 0.102572 68.583902 
0.108144 0.057405 0.992476 89.975468 0.086662 0.993987 -0.066936 -7.691284 -0.990351 0.093249 0.102519 68.736930 
0.107870 0.056930 0.992534 91.505698 0.085003 0.994175 -0.066263 -7.817632 -0.990524 0.091516 0.102403 68.874654 
0.106961 0.058979 0.992512 93.034399 0.084440 0.994094 -0.068173 -7.891221 -0.990671 0.091099 0.101350 69.043377 
0.105976 0.060117 0.992550 94.584662 0.081426 0.994294 -0.068917 -8.018365 -0.991029 0.088123 0.100476 69.208540 
0.105160 0.059963 0.992646 96.117937 0.078802 0.994539 -0.068426 -8.148781 -0.991328 0.085418 0.099860 69.368665 
0.104725 0.060029 0.992688 97.657089 0.078855 0.994533 -0.068459 -8.238824 -0.991370 0.085448 0.099418 69.534029 
0.104423 0.060399 0.992697 99.181777 0.078654 0.994526 -0.068784 -8.357733 -0.991418 0.085262 0.099101 69.672261 
0.103495 0.061989 0.992696 100.747678 0.078668 0.994419 -0.070298 -8.473718 -0.991514 0.085369 0.098041 69.815799 
0.101484 0.061956 0.992906 102.300884 0.077941 0.994496 -0.070021 -8.599895 -0.991779 0.084494 0.096096 69.985840 
0.099389 0.061217 0.993164 103.861242 0.078150 0.994542 -0.069122 -8.727273 -0.991975 0.084486 0.094063 70.146029 
0.097127 0.062232 0.993324 105.401571 0.077366 0.994551 -0.069874 -8.825974 -0.992260 0.083636 0.091783 70.287417 
0.094758 0.061585 0.993594 106.952513 0.078136 0.994545 -0.069096 -8.961742 -0.992429 0.084183 0.089429 70.432681 
0.092207 0.061954 0.993811 108.516016 0.080737 0.994311 -0.069476 -9.082996 -0.992461 0.086644 0.086681 70.590752 
0.089888 0.062439 0.993993 110.086493 0.079680 0.994383 -0.069670 -9.208900 -0.992759 0.085464 0.084408 70.732573 
0.086954 0.060851 0.994352 111.682263 0.080473 0.994442 -0.067893 -9.336012 -0.992957 0.085922 0.081574 70.898797 
0.085468 0.060861 0.994480 113.259158 0.080664 0.994433 -0.067791 -9.446249 -0.993070 0.086012 0.080083 71.023688 
0.083139 0.060701 0.994688 114.864615 0.081699 0.994368 -0.067510 -9.576047 -0.993183 0.086878 0.077711 71.177396 
0.081763 0.060865 0.994792 116.459717 0.082669 0.994280 -0.067628 -9.709490 -0.993217 0.087768 0.076264 71.307835 
0.080781 0.060993 0.994864 118.066486 0.082290 0.994310 -0.067641 -9.830151 -0.993329 0.087332 0.075303 71.430245 
0.079752 0.060994 0.994947 119.652411 0.082023 0.994340 -0.067532 -9.932797 -0.993434 0.086994 0.074298 71.548676 
0.078406 0.060613 0.995077 121.274971 0.082319 0.994348 -0.067055 -10.046039 -0.993517 0.087172 0.072973 71.691599 
0.077662 0.059188 0.995221 122.881229 0.082455 0.994435 -0.065575 -10.154966 -0.993564 0.087153 0.072349 71.788790 
0.077303 0.058929 0.995265 124.465565 0.083090 0.994398 -0.065331 -10.259819 -0.993539 0.087747 0.071973 71.878154 
0.075713 0.059962 0.995325 126.062176 0.083634 0.994291 -0.066261 -10.377288 -0.993616 0.088260 0.070266 72.011529 
0.074776 0.061409 0.995308 127.659702 0.084427 0.994129 -0.067679 -10.498016 -0.993620 0.089092 0.069153 72.122769 
0.074037 0.062578 0.995290 129.278129 0.084821 0.994018 -0.068807 -10.614210 -0.993642 0.089515 0.068286 72.230077 
0.073384 0.063248 0.995296 130.914932 0.084970 0.993962 -0.069428 -10.728842 -0.993677 0.089666 0.067567 72.340018 
0.072087 0.062279 0.995452 132.516777 0.085164 0.994019 -0.068357 -10.879016 -0.993756 0.089704 0.066352 72.460536 
0.071235 0.060337 0.995633 134.151676 0.086037 0.994077 -0.066398 -11.021880 -0.993742 0.090391 0.065622 72.588571 
0.070665 0.058737 0.995769 135.765819 0.087066 0.994092 -0.064817 -11.140987 -0.993693 0.091278 0.065134 72.699216 
0.070659 0.057038 0.995868 137.383009 0.087102 0.994198 -0.063123 -11.271064 -0.993690 0.091202 0.065281 72.813814 
0.070545 0.055790 0.995947 139.023385 0.088554 0.994142 -0.061962 -11.393458 -0.993570 0.092567 0.065192 72.961317 
0.070862 0.055782 0.995925 140.609416 0.088930 0.994106 -0.062007 -11.496023 -0.993514 0.092961 0.065484 73.084153 
0.071548 0.055750 0.995878 142.122743 0.089766 0.994025 -0.062095 -11.617160 -0.993390 0.093839 0.066116 73.185165 
0.072873 0.056341 0.995749 143.693023 0.090295 0.993930 -0.062847 -11.736452 -0.993245 0.094491 0.067343 73.307996 
0.075423 0.056892 0.995527 145.258044 0.093118 0.993607 -0.063837 -11.842335 -0.992794 0.097516 0.069644 73.409235 
0.077138 0.057383 0.995368 146.798743 0.092797 0.993596 -0.064472 -11.976518 -0.992693 0.097340 0.071319 73.523461 
0.077608 0.057555 0.995321 148.370996 0.092708 0.993590 -0.064683 -12.100363 -0.992664 0.097294 0.071775 73.663795 
0.077829 0.056556 0.995361 149.922584 0.092324 0.993691 -0.063680 -12.217820 -0.992683 0.096852 0.072117 73.789236 
0.077580 0.054748 0.995482 151.455664 0.092041 0.993834 -0.061830 -12.333251 -0.992728 0.096421 0.072063 73.897228 
0.076605 0.053085 0.995647 152.971759 0.091731 0.993971 -0.060053 -12.451143 -0.992833 0.095932 0.071273 73.991265 
0.074474 0.052338 0.995849 154.494509 0.091604 0.994041 -0.059093 -12.558491 -0.993007 0.095625 0.069236 74.089269 
0.069629 0.051800 0.996227 156.020000 0.092019 0.994060 -0.058119 -12.672739 -0.993320 0.095718 0.064449 74.221658 
0.064046 0.051456 0.996620 157.548156 0.091101 0.994198 -0.057185 -12.781379 -0.993780 0.094456 0.058986 74.299727 
0.055509 0.051160 0.997147 159.069669 0.089321 0.994428 -0.055993 -12.888436 -0.994455 0.092175 0.050630 74.384449 
0.044785 0.050813 0.997704 160.576548 0.088308 0.994595 -0.054619 -12.999596 -0.995086 0.090551 0.040056 74.469220 
0.032910 0.051470 0.998132 162.083496 0.087735 0.994669 -0.054184 -13.068921 -0.995600 0.089355 0.028219 74.524710 
0.018425 0.050711 0.998543 163.587609 0.087015 0.994842 -0.052128 -13.175152 -0.996037 0.087848 0.013918 74.573487 
0.003424 0.050478 0.998719 165.082998 0.085770 0.995030 -0.050585 -13.283205 -0.996309 0.085833 -0.000922 74.579555 
-0.012985 0.051462 0.998591 166.548831 0.084522 0.995157 -0.050186 -13.369300 -0.996337 0.083751 -0.017272 74.582449 
-0.029701 0.052420 0.998183 168.024826 0.083893 0.995231 -0.049769 -13.462187 -0.996032 0.082262 -0.033957 74.566980 
-0.047297 0.051731 0.997540 169.478219 0.083397 0.995376 -0.047664 -13.558565 -0.995393 0.080937 -0.051393 74.524724 
-0.064895 0.050771 0.996600 170.899426 0.083149 0.995507 -0.045301 -13.643783 -0.994422 0.079927 -0.068824 74.417998 
-0.083796 0.049703 0.995243 172.355482 0.085328 0.995445 -0.042529 -13.731227 -0.992823 0.081358 -0.087655 74.328376 
-0.102702 0.047425 0.993581 173.770126 0.086253 0.995525 -0.038602 -13.826164 -0.990966 0.081735 -0.106333 74.194219 
-0.122255 0.045154 0.991471 175.157056 0.088138 0.995512 -0.034470 -13.922546 -0.988578 0.083172 -0.125686 74.030026 
-0.142397 0.046467 0.988718 176.545233 0.092282 0.995170 -0.033479 -13.975396 -0.985498 0.086473 -0.145998 73.843179 
-0.162027 0.047128 0.985660 177.915087 0.095032 0.994961 -0.031951 -14.026715 -0.982200 0.088492 -0.165689 73.615749 
-0.183432 0.050174 0.981751 179.259775 0.096364 0.994804 -0.032836 -14.090122 -0.978298 0.088582 -0.187314 73.375590 
-0.206386 0.052387 0.977067 180.582842 0.097283 0.994717 -0.032784 -14.133976 -0.973623 0.088286 -0.210392 73.129970 
-0.230302 0.053650 0.971639 181.880826 0.096202 0.994843 -0.032129 -14.194801 -0.968352 0.086074 -0.234276 72.812901 
-0.256324 0.052340 0.965173 183.184926 0.094548 0.995102 -0.028853 -14.263468 -0.961956 0.083859 -0.260017 72.477918 
-0.282551 0.050531 0.957920 184.483673 0.091892 0.995445 -0.025406 -14.317651 -0.954841 0.080847 -0.285908 72.094399 
-0.309907 0.050333 0.949434 185.740124 0.092906 0.995422 -0.022446 -14.379664 -0.946217 0.081252 -0.313164 71.698934 
-0.337343 0.050440 0.940029 186.992198 0.092485 0.995509 -0.020227 -14.425004 -0.936828 0.080115 -0.340493 71.258822 
-0.365922 0.050755 0.929261 188.215540 0.092347 0.995564 -0.018012 -14.490677 -0.926053 0.079223 -0.368985 70.829111 
-0.393386 0.052762 0.917858 189.422808 0.094089 0.995420 -0.016895 -14.520340 -0.914546 0.079714 -0.396549 70.295137 
-0.423129 0.053219 0.904505 190.616176 0.093725 0.995489 -0.014728 -14.597995 -0.901209 0.078543 -0.426209 69.807239 
-0.452237 0.055930 0.890142 191.775680 0.094759 0.995396 -0.014401 -14.634633 -0.886850 0.077836 -0.455455 69.249299 
-0.480743 0.057819 0.874953 192.929673 0.094537 0.995425 -0.013837 -14.677312 -0.871750 0.076063 -0.484010 68.654263 
-0.509070 0.058334 0.858746 194.053348 0.093311 0.995561 -0.012313 -14.725000 -0.855652 0.073862 -0.512253 68.034190 
-0.536396 0.060126 0.841822 195.146314 0.093813 0.995525 -0.011327 -14.754884 -0.838736 0.072898 -0.539636 67.363244 
-0.562901 0.061736 0.824216 196.221914 0.095385 0.995396 -0.009415 -14.787696 -0.821002 0.073318 -0.566198 66.653585 
-0.588707 0.061458 0.806007 197.249039 0.094136 0.995534 -0.007153 -14.818207 -0.802846 0.071663 -0.591863 65.914969 
-0.614167 0.061725 0.786759 198.255349 0.092102 0.995730 -0.006222 -14.845654 -0.783783 0.068641 -0.617229 65.146870 
-0.639114 0.064109 0.766435 199.218212 0.091413 0.995788 -0.007066 -14.864137 -0.763660 0.065546 -0.642282 64.350605 
-0.663830 0.065479 0.745011 200.155155 0.090224 0.995896 -0.007136 -14.873471 -0.742421 0.062480 -0.667014 63.522733 
-0.686563 0.066641 0.724010 201.069866 0.090292 0.995897 -0.006044 -14.892862 -0.721442 0.061223 -0.689763 62.662059 
-0.707843 0.068948 0.702996 201.939802 0.092364 0.995714 -0.004656 -14.910809 -0.700305 0.061635 -0.711178 61.764461 
-0.728688 0.070335 0.681225 202.792533 0.094363 0.995536 -0.001850 -14.934557 -0.678314 0.062934 -0.732072 60.857983 
-0.748664 0.071103 0.659126 203.651770 0.095108 0.995467 0.000643 -14.951082 -0.656092 0.063170 -0.752033 59.909631 
-0.767927 0.072003 0.636478 204.472863 0.095785 0.995398 0.002959 -14.961468 -0.633336 0.063237 -0.771289 58.955856 
-0.786329 0.072554 0.613533 205.241589 0.095678 0.995400 0.004913 -14.977547 -0.610354 0.062565 -0.789654 57.979929 
-0.804741 0.072851 0.589139 206.003945 0.093771 0.995581 0.004976 -14.997251 -0.586173 0.059248 -0.808017 56.981791 
-0.821831 0.074064 0.564897 206.723409 0.092642 0.995690 0.004234 -15.001822 -0.562149 0.055812 -0.825151 55.959975 
-0.837925 0.073925 0.540756 207.413636 0.092317 0.995706 0.006931 -15.022064 -0.537921 0.055728 -0.841151 54.919782 
-0.853471 0.074106 0.515844 208.076382 0.092194 0.995696 0.009496 -15.034961 -0.512920 0.055662 -0.856630 53.852994 
-0.868290 0.074066 0.490497 208.702678 0.091422 0.995746 0.011479 -15.032734 -0.487561 0.054809 -0.871367 52.769051 
-0.882140 0.073173 0.465268 209.294171 0.090493 0.995785 0.014967 -15.037939 -0.462212 0.055307 -0.885043 51.656693 
-0.895279 0.072446 0.439575 209.855811 0.088818 0.995907 0.016759 -15.037392 -0.436562 0.054046 -0.898049 50.536278 
-0.907994 0.072210 0.412715 210.390293 0.087115 0.996047 0.017385 -15.025930 -0.409828 0.051740 -0.910694 49.407021 
-0.919886 0.071293 0.385651 210.894169 0.084726 0.996243 0.017925 -15.021791 -0.382925 0.049164 -0.922470 48.281691 
-0.930944 0.070996 0.358195 211.359887 0.083044 0.996377 0.018342 -15.007555 -0.355595 0.046821 -0.933467 47.141122 
-0.941363 0.068760 0.330314 211.782183 0.079676 0.996628 0.019606 -14.987704 -0.327852 0.044774 -0.943667 46.034794 
-0.950728 0.067082 0.302682 212.146463 0.077358 0.996759 0.022075 -14.973226 -0.300220 0.044402 -0.952836 44.753934 
-0.959465 0.065262 0.274166 212.505511 0.074802 0.996898 0.024473 -14.955459 -0.271719 0.043989 -0.961371 43.526176 
-0.967146 0.064725 0.245845 212.843704 0.073327 0.996969 0.025990 -14.930553 -0.243418 0.043163 -0.968961 42.335065 
-0.974084 0.063855 0.216987 213.136737 0.071230 0.997112 0.026329 -14.911088 -0.214679 0.041102 -0.975819 41.089249 
-0.980335 0.061965 0.187359 213.366059 0.067928 0.997362 0.025570 -14.881966 -0.185281 0.037795 -0.981959 39.749746 
-0.985912 0.056547 0.157414 213.572203 0.061743 0.997690 0.028312 -14.854493 -0.155450 0.037633 -0.987127 38.422769 
-0.990388 0.053587 0.127513 213.763721 0.057951 0.997845 0.030759 -14.800207 -0.125589 0.037853 -0.991360 37.106997 
-0.993769 0.052862 0.098126 213.934717 0.056473 0.997812 0.034391 -14.786231 -0.096094 0.039718 -0.994580 35.790952 
-0.996347 0.052832 0.067088 214.097326 0.055335 0.997818 0.036005 -14.756059 -0.065040 0.039586 -0.997097 34.597773 
-0.997920 0.052734 0.037081 214.138108 0.054144 0.997806 0.038097 -14.751448 -0.034991 0.040026 -0.998586 33.362837 
-0.998607 0.052337 0.006659 214.132311 0.052556 0.997869 0.038678 -14.704304 -0.004620 0.038974 -0.999230 32.149908 
-0.998286 0.053393 -0.023948 214.114631 0.052387 0.997792 0.040836 -14.641996 0.026075 0.039511 -0.998879 30.740867 
-0.996997 0.054075 -0.055431 214.120007 0.051690 0.997711 0.043599 -14.592673 0.057662 0.040603 -0.997510 29.433638 
-0.994681 0.053935 -0.087758 214.063708 0.050109 0.997719 0.045232 -14.533537 0.089998 0.040594 -0.995114 28.066526 
-0.991409 0.053967 -0.119145 213.859620 0.048905 0.997789 0.045012 -14.456665 0.121311 0.038798 -0.991856 26.605200 
-0.986912 0.055102 -0.151557 213.660366 0.048536 0.997730 0.046689 -14.420647 0.153785 0.038721 -0.987345 25.256947 
-0.980851 0.054405 -0.187009 213.596736 0.045816 0.997700 0.049953 -14.361003 0.189296 0.040429 -0.981087 24.035527 
-0.973940 0.053056 -0.220515 213.269516 0.042318 0.997690 0.053140 -14.288537 0.222825 0.042423 -0.973935 22.688452 
-0.965391 0.053099 -0.255344 212.970732 0.040193 0.997649 0.055503 -14.226219 0.257691 0.043320 -0.965256 21.418073 
-0.955653 0.051955 -0.289876 212.630834 0.037263 0.997736 0.055978 -14.157533 0.292129 0.042693 -0.955426 20.141938 
-0.944519 0.051862 -0.324337 212.265344 0.035613 0.997804 0.055839 -14.116912 0.326521 0.041190 -0.944292 18.846519 
-0.932670 0.050557 -0.357170 211.747473 0.032377 0.997866 0.056701 -14.052124 0.359275 0.041319 -0.932317 17.613648 
-0.919599 0.048960 -0.389797 211.212854 0.028562 0.997910 0.057958 -13.975178 0.391820 0.042165 -0.919075 16.357987 
-0.905118 0.047875 -0.422456 210.714389 0.025474 0.997961 0.058515 -13.911705 0.424396 0.042201 -0.904493 15.181303 
-0.890298 0.048120 -0.452829 210.093038 0.024386 0.998012 0.058109 -13.846703 0.454725 0.040692 -0.889702 13.986988 
-0.875147 0.047046 -0.481565 209.407344 0.022018 0.998103 0.057496 -13.779800 0.483357 0.039714 -0.874522 12.771074 
-0.859578 0.046454 -0.508888 208.696850 0.019884 0.998146 0.057529 -13.699750 0.510617 0.039332 -0.858908 11.536701 
-0.843284 0.047674 -0.535350 207.997625 0.019095 0.998087 0.058803 -13.630089 0.537130 0.039365 -0.842581 10.341700 
-0.827069 0.048821 -0.559977 207.254143 0.018020 0.998012 0.060395 -13.569593 0.561812 0.039861 -0.826304 9.169468 
-0.811042 0.051492 -0.582718 206.459596 0.019232 0.997927 0.061415 -13.507979 0.584672 0.038604 -0.810351 8.017997 
-0.795020 0.054778 -0.604104 205.644017 0.022963 0.997918 0.060267 -13.457450 0.606148 0.034041 -0.794623 6.872394 
-0.778920 0.058040 -0.624432 204.803627 0.025928 0.997837 0.060405 -13.397569 0.626587 0.030860 -0.778740 5.797971 
-0.761860 0.060841 -0.644878 203.925007 0.025575 0.997628 0.063907 -13.322993 0.647236 0.032195 -0.761609 4.700759 
-0.744475 0.061793 -0.664785 203.014086 0.024412 0.997561 0.065386 -13.236922 0.667204 0.032450 -0.744168 3.672755 
-0.727135 0.058047 -0.684036 202.061324 0.020725 0.997821 0.062643 -13.175962 0.686182 0.031373 -0.726753 2.624890 
-0.710718 0.053539 -0.701437 201.055219 0.019474 0.998215 0.056459 -13.103350 0.703208 0.026466 -0.710492 1.578365 
-0.695662 0.048570 -0.716725 199.983277 0.018440 0.998590 0.049773 -13.010576 0.718132 0.021409 -0.695577 0.536770 
-0.680915 0.045224 -0.730965 198.895025 0.015860 0.998768 0.047018 -12.949455 0.732190 0.020422 -0.680794 -0.469114 
-0.664658 0.042503 -0.745938 197.775255 0.012371 0.998870 0.045892 -12.876922 0.747046 0.021275 -0.664432 -1.474852 
-0.647163 0.037476 -0.761430 196.696948 0.005666 0.999000 0.044354 -12.814437 0.762330 0.024390 -0.646729 -2.422583 
-0.629825 0.034658 -0.775963 195.541303 -0.000231 0.998996 0.044807 -12.761503 0.776737 0.028400 -0.629184 -3.354140 
-0.612533 0.033924 -0.789717 194.326416 -0.005519 0.998871 0.047189 -12.681498 0.790426 0.033263 -0.611654 -4.295775 
-0.594481 0.033637 -0.803406 193.057053 -0.009326 0.998769 0.048717 -12.615539 0.804056 0.036454 -0.593436 -5.234152 
-0.576362 0.033239 -0.816518 191.784825 -0.012795 0.998683 0.049686 -12.548166 0.817094 0.039085 -0.575177 -6.139814 
-0.559474 0.032002 -0.828230 190.479553 -0.016010 0.998651 0.049402 -12.467924 0.828693 0.040899 -0.558207 -7.039963 
-0.544077 0.031863 -0.838430 189.113014 -0.017661 0.998622 0.049412 -12.392243 0.838849 0.041691 -0.542765 -7.933036 
-0.529983 0.032611 -0.847381 187.717710 -0.018158 0.998595 0.049787 -12.313458 0.847814 0.041773 -0.528646 -8.819962 
-0.516901 0.032302 -0.855436 186.322232 -0.019729 0.998573 0.049628 -12.229031 0.855818 0.042530 -0.515526 -9.694619 
-0.504433 0.032628 -0.862834 184.907935 -0.020300 0.998561 0.049628 -12.133759 0.863212 0.042549 -0.503045 -10.561902 
-0.492154 0.034227 -0.869835 183.442142 -0.019537 0.998541 0.050346 -12.049260 0.870289 0.041772 -0.490767 -11.421437 
-0.480302 0.036400 -0.876348 181.931603 -0.018169 0.998511 0.051432 -11.967057 0.876915 0.040626 -0.478925 -12.255361 
-0.469009 0.038829 -0.882339 180.363768 -0.017929 0.998409 0.053467 -11.876349 0.883011 0.040896 -0.467566 -13.100209 
-0.458677 0.041149 -0.887650 178.790626 -0.016232 0.998373 0.054669 -11.804362 0.888455 0.039483 -0.457263 -13.931108 
-0.449850 0.041527 -0.892138 177.167283 -0.013581 0.998485 0.053325 -11.718003 0.893001 0.036105 -0.448604 -14.725914 
-0.443362 0.042546 -0.895332 175.520553 -0.011899 0.998505 0.053340 -11.610904 0.896264 0.034302 -0.442193 -15.534692 
-0.437866 0.044170 -0.897955 173.874717 -0.009391 0.998513 0.053696 -11.520768 0.898991 0.031944 -0.436800 -16.333104 
-0.433362 0.044250 -0.900133 172.173934 -0.007195 0.998592 0.052554 -11.438527 0.901191 0.029251 -0.432433 -17.137825 
-0.430559 0.045000 -0.901440 170.482408 -0.005747 0.998599 0.052595 -11.338436 0.902544 0.027826 -0.429697 -17.927842 
-0.428288 0.045667 -0.902488 168.763770 -0.003259 0.998638 0.052079 -11.248535 0.903636 0.025246 -0.427556 -18.723390 
-0.426370 0.044899 -0.903434 167.053317 -0.002822 0.998696 0.050965 -11.137385 0.904545 0.024280 -0.425687 -19.550402 
-0.425057 0.046923 -0.903950 165.309327 -0.000685 0.998638 0.052160 -11.068421 0.905166 0.022790 -0.424446 -20.346725 
-0.422985 0.045713 -0.904983 163.554630 -0.000957 0.998704 0.050894 -10.950715 0.906136 0.022393 -0.422393 -21.190807 
-0.421209 0.045727 -0.905810 161.808803 -0.001697 0.998687 0.051205 -10.854714 0.906962 0.023105 -0.420578 -22.016306 
-0.419530 0.046788 -0.906535 160.062904 -0.002353 0.998611 0.052629 -10.757792 0.907739 0.024213 -0.418837 -22.829930 
-0.417299 0.047224 -0.907542 158.258983 -0.002155 0.998595 0.052953 -10.676177 0.908767 0.024053 -0.416611 -23.671558 
-0.414973 0.048884 -0.908520 156.442675 -0.001500 0.998517 0.054412 -10.575231 0.909833 0.023942 -0.414284 -24.507206 
-0.412563 0.048826 -0.909620 154.613341 -0.001158 0.998534 0.054124 -10.465235 0.910929 0.023383 -0.411901 -25.348440 
-0.409990 0.046699 -0.910894 152.773599 -0.002045 0.998639 0.052118 -10.365731 0.912088 0.023231 -0.409336 -26.182270 
-0.407619 0.045163 -0.912034 150.865835 -0.002606 0.998715 0.050620 -10.264020 0.913148 0.023010 -0.406978 -27.039802 
-0.405903 0.044711 -0.912822 148.983557 -0.002584 0.998742 0.050069 -10.167446 0.913913 0.022682 -0.405277 -27.878896 
-0.405128 0.046756 -0.913064 147.058984 -0.001964 0.998645 0.052010 -10.077303 0.914258 0.022864 -0.404487 -28.687239 
-0.404905 0.047952 -0.913100 145.060059 -0.000559 0.998611 0.052691 -9.969500 0.914358 0.021845 -0.404316 -29.515650 
-0.403873 0.049093 -0.913497 143.122828 -0.000399 0.998549 0.053841 -9.878904 0.914815 0.022110 -0.403267 -30.392523 
-0.402590 0.050117 -0.914007 141.162074 0.000714 0.998517 0.054437 -9.768546 0.915380 0.021264 -0.402029 -31.276675 
-0.402067 0.049575 -0.914267 139.182412 0.000877 0.998554 0.053760 -9.664947 0.915610 0.020813 -0.401529 -32.152984 
-0.401216 0.049116 -0.914666 137.220568 0.002436 0.998615 0.052555 -9.561435 0.915980 0.018857 -0.400780 -33.028015 
-0.401615 0.048796 -0.914508 135.261385 0.001402 0.998611 0.052668 -9.462810 0.915807 0.019870 -0.401126 -33.877932 
-0.401426 0.047560 -0.914656 133.259629 0.001042 0.998674 0.051472 -9.352538 0.915891 0.019709 -0.400943 -34.749749 
-0.401429 0.047387 -0.914664 131.251024 0.000573 0.998673 0.051488 -9.241255 0.915890 0.020145 -0.400923 -35.635509 
-0.401215 0.047647 -0.914744 129.274182 -0.000014 0.998646 0.052024 -9.136261 0.915984 0.020886 -0.400671 -36.528650 
-0.401735 0.047420 -0.914527 127.264567 0.000150 0.998662 0.051716 -9.033197 0.915756 0.020639 -0.401205 -37.417755 
-0.402865 0.047791 -0.914011 125.237321 0.000555 0.998648 0.051971 -8.949805 0.915259 0.020430 -0.402347 -38.306889 
-0.405219 0.047078 -0.913007 123.243867 0.001186 0.998699 0.050970 -8.848273 0.914219 0.019571 -0.404748 -39.113238 
-0.406430 0.046124 -0.912517 121.174165 0.002773 0.998783 0.049250 -8.757009 0.913678 0.017486 -0.406063 -40.042319 
-0.408327 0.045737 -0.911689 119.092546 0.004021 0.998824 0.048307 -8.661027 0.912827 0.016059 -0.408031 -40.961430 
-0.409866 0.047518 -0.910907 117.010691 0.006125 0.998763 0.049345 -8.549704 0.912125 0.014646 -0.409650 -41.903723 
-0.411572 0.049203 -0.910048 114.906841 0.006816 0.998680 0.050912 -8.461102 0.911352 0.014751 -0.411364 -42.830284 
-0.413513 0.049200 -0.909168 112.802678 0.006951 0.998680 0.050883 -8.349582 0.910472 0.014721 -0.413309 -43.783458 
-0.415577 0.048716 -0.908253 110.682554 0.007474 0.998714 0.050148 -8.230031 0.909527 0.014052 -0.415406 -44.733124 
-0.417006 0.048410 -0.907614 108.581979 0.007468 0.998729 0.049839 -8.126691 0.908873 0.014005 -0.416838 -45.704980 
-0.418565 0.047654 -0.906936 106.483306 0.006344 0.998751 0.049551 -8.037851 0.908165 0.014986 -0.418345 -46.658461 
-0.419932 0.046214 -0.906378 104.355462 0.003648 0.998781 0.049235 -7.944534 0.907548 0.017369 -0.419588 -47.646267 
-0.420621 0.042736 -0.906229 102.268694 0.001215 0.998916 0.046542 -7.828984 0.907236 0.018475 -0.420217 -48.666275 
-0.421737 0.043361 -0.905681 100.139862 -0.001136 0.998830 0.048349 -7.732835 0.906717 0.021419 -0.421195 -49.605410 
-0.421660 0.044510 -0.905661 98.016770 -0.001937 0.998748 0.049987 -7.629072 0.906752 0.022832 -0.421046 -50.612783 
-0.421591 0.043902 -0.905723 95.889383 -0.000746 0.998810 0.048762 -7.513504 0.906786 0.021234 -0.421057 -51.628359 
-0.421159 0.041750 -0.906025 93.787932 0.001457 0.998970 0.045356 -7.411430 0.906985 0.017782 -0.420786 -52.642418 
-0.421396 0.041499 -0.905927 91.663235 0.001554 0.998984 0.045040 -7.308831 0.906875 0.017572 -0.421032 -53.649721 
-0.421360 0.043957 -0.905828 89.507979 0.002826 0.998883 0.047159 -7.204995 0.906889 0.017311 -0.421013 -54.668617 
-0.421077 0.048610 -0.905721 87.343309 0.006166 0.998693 0.050733 -7.109838 0.907004 0.015778 -0.420827 -55.663380 
-0.420614 0.050502 -0.905833 85.185655 0.008697 0.998628 0.051637 -6.991367 0.907198 0.013841 -0.420476 -56.694706 
-0.420515 0.049571 -0.905930 82.999389 0.007051 0.998655 0.051372 -6.882658 0.907258 0.015215 -0.420299 -57.721157 
-0.419451 0.045811 -0.906621 80.808594 0.003631 0.998803 0.048789 -6.759302 0.907771 0.017173 -0.419115 -58.781655 
-0.418229 0.044852 -0.907234 78.641730 0.004217 0.998865 0.047439 -6.667246 0.908332 0.016014 -0.417943 -59.773631 
-0.416850 0.044334 -0.907894 76.458590 0.005630 0.998917 0.046194 -6.558223 0.908958 0.014145 -0.416648 -60.772754 
-0.415228 0.045040 -0.908602 74.289669 0.005557 0.998881 0.046976 -6.469932 0.909701 0.014456 -0.415013 -61.749401 
-0.412775 0.045532 -0.909694 72.068728 0.004679 0.998843 0.047871 -6.369713 0.910821 0.015504 -0.412510 -62.762684 
-0.409950 0.045134 -0.910990 69.867864 0.003212 0.998840 0.048042 -6.270373 0.912102 0.016769 -0.409620 -63.743093 
-0.406955 0.044020 -0.912387 67.624414 0.003077 0.998899 0.046822 -6.164631 0.913443 0.016247 -0.406642 -64.746091 
-0.403815 0.044838 -0.913741 65.401391 0.002947 0.998857 0.047712 -6.071504 0.914836 0.016574 -0.403486 -65.733570 
-0.400794 0.044877 -0.915068 63.153534 0.002069 0.998841 0.048079 -5.958173 0.916166 0.017376 -0.400423 -66.721803 
-0.397286 0.043795 -0.916649 60.880847 0.001005 0.998881 0.047288 -5.846378 0.917694 0.017866 -0.396885 -67.720807 
-0.393712 0.045042 -0.918130 58.591525 0.002023 0.998839 0.048134 -5.748231 0.919232 0.017093 -0.393346 -68.732628 
-0.390553 0.045467 -0.919457 56.289999 0.002046 0.998820 0.048523 -5.641477 0.920578 0.017069 -0.390185 -69.735040 
-0.387193 0.046095 -0.920846 53.976745 0.002631 0.998801 0.048891 -5.540328 0.921995 0.016507 -0.386850 -70.716773 
-0.384250 0.047107 -0.922026 51.747098 0.003774 0.998769 0.049455 -5.449753 0.923221 0.015523 -0.383955 -71.703300 
-0.382371 0.047786 -0.922772 49.354441 0.004408 0.998745 0.049894 -5.343868 0.923998 0.015011 -0.382102 -72.672660 
-0.380330 0.047768 -0.923617 47.005940 0.004538 0.998750 0.049784 -5.256326 0.924840 0.014743 -0.380071 -73.665592 
-0.378559 0.049912 -0.924230 44.639766 0.006787 0.998668 0.051152 -5.159634 0.925552 0.013092 -0.378394 -74.652209 
-0.377186 0.052193 -0.924666 42.274299 0.008151 0.998559 0.053039 -5.068215 0.926102 0.012468 -0.377068 -75.595245 
-0.375895 0.054363 -0.925066 39.949616 0.011157 0.998471 0.054144 -4.961174 0.926595 0.010031 -0.375927 -76.535514 
-0.374842 0.055876 -0.925403 37.616252 0.011548 0.998386 0.055605 -4.867524 0.927017 0.010157 -0.374882 -77.464599 
-0.372989 0.055177 -0.926194 35.260146 0.010133 0.998413 0.055399 -4.761511 0.927781 0.011278 -0.372956 -78.449285 
-0.371803 0.053652 -0.926760 32.882284 0.009873 0.998501 0.053844 -4.654294 0.928259 0.010869 -0.371775 -79.416876 
-0.370424 0.052135 -0.927398 30.532286 0.009301 0.998582 0.052421 -4.547123 0.928816 0.010792 -0.370384 -80.359515 
-0.368871 0.049351 -0.928170 28.159082 0.003850 0.998662 0.051568 -4.462927 0.929473 0.015448 -0.368567 -81.320766 
-0.367358 0.051589 -0.928648 25.786860 0.003761 0.998535 0.053984 -4.345276 0.930072 0.016339 -0.367013 -82.247782 
-0.364341 0.054606 -0.929663 23.416274 0.000841 0.998298 0.058308 -4.240622 0.931265 0.020462 -0.363767 -83.234421 
-0.361996 0.056901 -0.930441 21.091255 0.003322 0.998208 0.059753 -4.109840 0.932174 0.018539 -0.361536 -84.144799 
-0.359179 0.056797 -0.931539 18.783784 0.005385 0.998256 0.058789 -4.005329 0.933253 0.016099 -0.358858 -85.031023 
-0.356279 0.052665 -0.932894 16.518197 0.003786 0.998483 0.054922 -3.897461 0.934372 0.016036 -0.355938 -85.917010 
-0.353566 0.049611 -0.934093 14.251859 0.003095 0.998649 0.051868 -3.813132 0.935405 0.015448 -0.353242 -86.766472 
-0.351090 0.048894 -0.935064 11.987240 0.004057 0.998706 0.050699 -3.721139 0.936333 0.014006 -0.350834 -87.618235 
-0.348621 0.049026 -0.935981 9.729220 0.002329 0.998673 0.051443 -3.634376 0.937261 0.015754 -0.348272 -88.477137 
-0.345883 0.045833 -0.937158 7.515585 0.003307 0.998860 0.047630 -3.556272 0.938272 0.013376 -0.345640 -89.304868 
-0.344561 0.043574 -0.937752 5.270930 0.003524 0.998975 0.045124 -3.480654 0.938757 0.012243 -0.344361 -90.104692 
-0.343329 0.044180 -0.938175 2.924225 0.002731 0.998936 0.046042 -3.392143 0.939211 0.013246 -0.343084 -90.958718 
-0.341826 0.045443 -0.938664 0.593754 0.002256 0.998867 0.047536 -3.297699 0.939760 0.014131 -0.341541 -91.818568 
-0.339576 0.050119 -0.939242 -1.719546 0.002998 0.998632 0.052204 -3.209193 0.940574 0.014912 -0.339262 -92.686957 
-0.338233 0.051884 -0.939631 -4.108013 0.002977 0.998533 0.054065 -3.103407 0.941058 0.015489 -0.337891 -93.554962 
-0.336939 0.052974 -0.940035 -6.404837 0.003795 0.998484 0.054908 -2.970811 0.941519 0.014933 -0.336630 -94.378761 
-0.335502 0.054044 -0.940488 -8.737173 0.004301 0.998431 0.055839 -2.872200 0.942030 0.014689 -0.335208 -95.208271 
-0.333528 0.054425 -0.941168 -11.057010 0.004555 0.998414 0.056121 -2.768324 0.942729 0.014431 -0.333247 -96.046112 
-0.331885 0.053193 -0.941819 -13.435684 0.005974 0.998507 0.054290 -2.656041 0.943301 0.012391 -0.331708 -96.871106 
-0.330320 0.051864 -0.942443 -15.852007 0.004803 0.998569 0.053269 -2.561376 0.943857 0.013069 -0.330097 -97.708936 
-0.328248 0.053070 -0.943100 -18.237869 0.007354 0.998534 0.053630 -2.451701 0.944563 0.010669 -0.328157 -98.498867 
-0.326029 0.050434 -0.944013 -20.691781 0.008251 0.998690 0.050505 -2.327296 0.945324 0.008677 -0.326018 -99.379594 
-0.324256 0.049722 -0.944662 -23.107850 0.002676 0.998662 0.051646 -2.248681 0.945966 0.014219 -0.323955 -100.165214 
-0.321698 0.050273 -0.945507 -25.489242 -0.001158 0.998568 0.053488 -2.144970 0.946842 0.018302 -0.321179 -100.962823 
-0.319457 0.051769 -0.946186 -27.829038 0.001175 0.998527 0.054236 -2.067275 0.947600 0.016214 -0.319047 -101.760767 
