1 0 0 0 0 1 0 0 0 0 1 0
0.999983 0.00291845 0.00496516 -0.0823967 -0.00293007 0.999993 0.00233589 -0.0396301 -0.00495831 -0.0023504 0.999985 0.237654
0.999977 0.00461442 0.00493499 -0.102781 -0.0046193 0.999989 0.000977332 -0.0401992 -0.00493043 -0.00100011 0.999987 0.478229
0.999988 0.00231344 0.0043426 -0.0901768 -0.00232288 0.999995 0.00216895 -0.0633651 -0.00433756 -0.00217901 0.999988 0.738767
0.999994 0.000977541 0.00340803 -0.0840044 -0.000989237 0.999994 0.00343174 -0.0723903 -0.00340465 -0.00343509 0.999988 0.981443
0.999978 0.00130049 0.00644159 -0.133737 -0.001321 0.999994 0.00318087 -0.0783766 -0.00643742 -0.00318931 0.999974 1.19634
0.999977 0.000639158 0.00668541 -0.151264 -0.000672566 0.999987 0.00499619 -0.110443 -0.00668213 -0.00500058 0.999965 1.41972
0.999991 -0.00159108 0.00400247 -0.113778 0.00156714 0.999981 0.00597795 -0.113069 -0.00401191 -0.00597162 0.999974 1.65509
0.999996 -0.00173384 0.00216957 -0.0703838 0.00172126 0.999982 0.00578884 -0.111479 -0.00217957 -0.00578508 0.999981 1.82412
0.999981 -0.00331889 0.00518059 -0.0906747 0.00328575 0.999974 0.00639249 -0.113759 -0.00520167 -0.00637535 0.999966 1.9996
0.999967 -0.00422905 0.0069899 -0.113772 0.00418604 0.999972 0.00615741 -0.10542 -0.00701574 -0.00612795 0.999957 2.18292
0.999971 -0.00529107 0.00544794 -0.09148 0.00526224 0.999972 0.00529318 -0.0835091 -0.00547579 -0.00526436 0.999971 2.38195
0.999958 -0.00859764 0.0031996 -0.0577011 0.00857794 0.999944 0.00612049 -0.100731 -0.00325204 -0.00609279 0.999976 2.56446
0.999946 -0.0100984 0.00264254 -0.0635806 0.0100867 0.999939 0.00439357 -0.0758666 -0.00268674 -0.00436667 0.999987 2.7729
0.99994 -0.0108871 0.00101527 -0.0318468 0.0108822 0.99993 0.00466761 -0.0776284 -0.00106601 -0.00465628 0.999989 2.95467
0.999922 -0.0124184 -0.00108341 -5.06156e-05 0.0124236 0.999911 0.00492452 -0.0748415 0.00102216 -0.0049376 0.999987 3.10386
0.999816 -0.0191723 0.000877741 -0.0409644 0.0191684 0.999807 0.00430035 -0.0720274 -0.000960019 -0.00428273 0.99999 3.16808
0.99974 -0.0227962 0.000149668 -0.0200447 0.0227959 0.999738 0.00222665 -0.0386929 -0.000200388 -0.00222266 0.999998 3.21617
0.999711 -0.0240501 -0.000222805 -0.0138275 0.0240505 0.999709 0.00187755 -0.0361399 0.000177585 -0.00188236 0.999998 3.28751
0.999635 -0.0268691 -0.00280119 0.0357536 0.0268719 0.999638 0.000990085 -0.015865 0.00277358 -0.001065 0.999996 3.38512
0.999691 -0.0246752 -0.00302215 0.0443831 0.0246789 0.999695 0.00118358 -0.0326444 0.00299203 -0.0012578 0.999995 3.42248
0.999566 -0.0292204 -0.00363722 0.0715169 0.0292226 0.999573 0.000553881 -0.0156114 0.00361948 -0.00065993 0.999993 3.45298
0.99956 -0.0294671 -0.00335585 0.0818481 0.029467 0.999566 -8.49708e-05 -0.00753554 0.00335689 -1.39532e-05 0.999994 3.49233
0.999444 -0.0331742 -0.00320444 0.104682 0.0331636 0.999444 -0.00330606 0.033455 0.00331233 0.00319796 0.999989 3.6385
0.999377 -0.0352824 0.000605822 0.0681886 0.0352863 0.999339 -0.00873909 0.110045 -0.000297085 0.00875503 0.999962 3.7343
0.999374 -0.0352602 0.00297385 0.0490506 0.0352838 0.999343 -0.00831626 0.0983609 -0.00267867 0.00841598 0.999961 3.87442
0.999291 -0.0376146 0.00183963 0.0793097 0.0376341 0.999219 -0.0120378 0.140804 -0.0013854 0.0120985 0.999926 3.8583
0.999291 -0.0376149 0.00139256 0.092421 0.0376287 0.999223 -0.0117673 0.13561 -0.000948856 0.0118113 0.99993 3.86169
0.999175 -0.0405628 0.00202924 0.102193 0.0405844 0.999103 -0.0120993 0.144331 -0.00153664 0.0121717 0.999925 3.84861
0.999154 -0.0410954 0.00182932 0.115262 0.0411155 0.999072 -0.0128003 0.142588 -0.00130159 0.0128646 0.999916 3.84519
0.998833 -0.0482903 -2.84599e-05 0.172323 0.048285 0.99873 -0.0143544 0.163458 0.000721603 0.0143363 0.999897 3.8065
0.998633 -0.0522523 0.00145705 0.174892 0.052268 0.998526 -0.014642 0.162704 -0.00068982 0.0146981 0.999892 3.83141
0.99853 -0.0541819 0.00173089 0.194979 0.0542018 0.998416 -0.0150555 0.166385 -0.000912419 0.0151272 0.999885 3.8015
0.998418 -0.0562236 0.000880943 0.22934 0.0562305 0.998297 -0.0155632 0.170943 -4.42275e-06 0.0155881 0.999878 3.77984
0.99831 -0.0581125 0.00100501 0.25122 0.0581211 0.998186 -0.0156824 0.162094 -9.18485e-05 0.0157143 0.999877 3.74747
0.998142 -0.0609196 0.00148781 0.27123 0.060935 0.998032 -0.0148209 0.147806 -0.000581995 0.014884 0.999889 3.72306
0.998054 -0.062339 0.00110996 0.294645 0.0623486 0.997949 -0.0145306 0.143581 -0.000201853 0.0145716 0.999894 3.71516
0.998009 -0.0630531 0.00159359 0.313971 0.063069 0.997917 -0.01355 0.129623 -0.000735901 0.0136236 0.999907 3.69766
0.997901 -0.0647436 0.00101977 0.33688 0.0647514 0.997809 -0.0135505 0.128057 -0.000140228 0.0135881 0.999908 3.7151
0.997969 -0.0636888 0.00129867 0.360555 0.0637016 0.997833 -0.0164873 0.165214 -0.000245804 0.0165365 0.999863 3.68911
0.997794 -0.0663154 -0.00303713 0.439008 0.066261 0.997683 -0.0154575 0.153839 0.00405517 0.0152222 0.999876 3.68268
0.997821 -0.0659373 -0.00247311 0.448425 0.0658883 0.997693 -0.016372 0.15577 0.00354693 0.0161734 0.999863 3.63766
0.997822 -0.0659346 -0.00183503 0.454408 0.0658959 0.997692 -0.0163826 0.147666 0.00291097 0.016226 0.999864 3.65385
0.99772 -0.0674551 -0.0021699 0.468797 0.0674101 0.997588 -0.0165667 0.145768 0.00328217 0.0163827 0.99986 3.65658
0.997674 -0.0681185 -0.00254355 0.492044 0.0680669 0.997541 -0.0166772 0.13518 0.00367332 0.0164653 0.999858 3.69403
0.997518 -0.0702983 -0.00401783 0.535333 0.0702216 0.99739 -0.016798 0.127883 0.00518821 0.0164741 0.999851 3.71932
0.997278 -0.0734794 -0.0061426 0.586625 0.0733648 0.997158 -0.0171592 0.131586 0.007386 0.0166619 0.999834 3.80696
0.99734 -0.0725695 -0.0068191 0.60797 0.0724362 0.997209 -0.0181004 0.144077 0.0081136 0.0175583 0.999813 3.90523
0.997143 -0.0748504 -0.0101693 0.678758 0.0746767 0.997071 -0.0165032 0.109108 0.0113748 0.0156966 0.999812 4.01671
0.996739 -0.0797992 -0.0119923 0.733483 0.0796037 0.996699 -0.0159791 0.101975 0.0132278 0.0149723 0.9998 4.14582
0.996859 -0.0787577 -0.00827446 0.708322 0.0786354 0.996802 -0.0141915 0.0754949 0.0093657 0.0134963 0.999865 4.31211
0.996725 -0.0804002 -0.00864798 0.741259 0.0802799 0.996681 -0.0134606 0.0543377 0.00970152 0.0127223 0.999872 4.45519
0.996483 -0.0829499 -0.0119131 0.827736 0.0827928 0.99648 -0.0131236 0.0451039 0.0129598 0.0120912 0.999843 4.58482
0.996102 -0.0867083 -0.0161898 0.93421 0.0865147 0.996175 -0.0123 0.0271354 0.0171944 0.0108514 0.999793 4.71468
0.995616 -0.0915329 -0.0192668 1.01606 0.0913048 0.995746 -0.012403 0.0270887 0.0203202 0.0105894 0.999737 4.89698
0.995203 -0.0941511 -0.0265686 1.15517 0.0939019 0.995526 -0.0104785 -0.00743728 0.0274363 0.00793344 0.999592 5.02851
0.99484 -0.0970928 -0.0294342 1.24541 0.0968389 0.99525 -0.00993564 -0.0224204 0.0302591 0.00703399 0.999517 5.20764
0.994227 -0.100501 -0.0375854 1.41723 0.100265 0.994928 -0.00813169 -0.0519575 0.038212 0.00431626 0.99926 5.36511
0.993774 -0.105044 -0.0371219 1.47358 0.104803 0.994458 -0.00838671 -0.0538746 0.0377972 0.00444401 0.999276 5.61934
0.992683 -0.112243 -0.0445102 1.63817 0.111961 0.993674 -0.00877414 -0.0446087 0.0452135 0.00372653 0.99897 5.82141
0.991929 -0.118836 -0.044207 1.67768 0.118674 0.992913 -0.00628395 -0.0528173 0.0446405 0.000987012 0.999003 6.14537
0.991439 -0.120244 -0.0508942 1.81358 0.120172 0.992743 -0.00446842 -0.0774196 0.0510622 -0.00168592 0.998694 6.43563
0.990707 -0.123614 -0.0567307 1.92538 0.123705 0.992317 -0.00191283 -0.0986184 0.0565313 -0.00512281 0.998388 6.69176
0.989875 -0.127116 -0.063151 2.05057 0.127467 0.991842 0.00154931 -0.12014 0.0624388 -0.00958332 0.998003 6.92956
0.988485 -0.134612 -0.0691141 2.16154 0.135284 0.990794 0.00512157 -0.119612 0.0677884 -0.0144126 0.997596 7.26341
0.987985 -0.135308 -0.0746786 2.26456 0.136206 0.990655 0.00704973 -0.118165 0.0730269 -0.0171367 0.997183 7.5718
0.986993 -0.141342 -0.0765946 2.30642 0.142284 0.989801 0.00695815 -0.0748415 0.07483 -0.0177658 0.997038 7.84401
0.986593 -0.143082 -0.0784915 2.36534 0.144405 0.989453 0.0114114 -0.127659 0.0760309 -0.0225929 0.996849 8.12659
0.98618 -0.145 -0.0801563 2.41766 0.146331 0.989175 0.0109568 -0.120863 0.0776999 -0.0225347 0.996722 8.33451
0.985421 -0.148364 -0.0832694 2.4733 0.149652 0.988694 0.00940979 -0.0918689 0.0809319 -0.021734 0.996483 8.61947
0.984905 -0.15016 -0.0861005 2.52093 0.151391 0.988442 0.00791501 -0.0646035 0.0839169 -0.0208303 0.996255 8.93078
0.985416 -0.151354 -0.0777643 2.41222 0.152433 0.988281 0.00809734 -0.0548066 0.0756274 -0.0198331 0.996939 9.17222
0.984031 -0.156243 -0.0852687 2.53726 0.157113 0.987574 0.00354672 0.0173271 0.083655 -0.0168869 0.996352 9.46614
0.984396 -0.158046 -0.0773667 2.45565 0.159036 0.98725 0.00676393 -0.0159432 0.0753112 -0.0189625 0.99698 9.68134
0.98438 -0.1572 -0.0792765 2.49257 0.158214 0.987383 0.00662768 -0.0152453 0.0772344 -0.0190668 0.996831 9.99588
0.984301 -0.157339 -0.079971 2.52342 0.159281 0.987061 0.0184695 -0.133847 0.0760303 -0.0309174 0.996626 10.2608
0.983953 -0.157152 -0.0844986 2.59676 0.159316 0.987035 0.0194754 -0.13533 0.0803426 -0.0326249 0.996233 10.5763
0.983564 -0.15926 -0.085083 2.61991 0.161892 0.986493 0.0249479 -0.187446 0.0799606 -0.0383121 0.996061 10.8552
0.983304 -0.160137 -0.0864293 2.66758 0.163209 0.986145 0.0296782 -0.247418 0.0804792 -0.0432887 0.995816 11.1191
0.98271 -0.16201 -0.089631 2.76379 0.165508 0.985655 0.0330331 -0.277209 0.0829936 -0.0472966 0.995427 11.3514
0.982301 -0.164335 -0.0898794 2.79443 0.168156 0.985078 0.0366833 -0.308274 0.0825098 -0.0511478 0.995277 11.6174
0.981373 -0.169416 -0.0905785 2.83812 0.173408 0.984111 0.0381368 -0.322731 0.0826783 -0.0531335 0.995159 11.8529
0.980852 -0.170769 -0.0936386 2.89584 0.174944 0.983833 0.0382978 -0.317177 0.0855847 -0.053946 0.994869 12.1265
0.979461 -0.17686 -0.0968292 2.9739 0.181211 0.982707 0.0380839 -0.309173 0.0884192 -0.0548482 0.994572 12.347
0.979457 -0.174278 -0.101449 3.06407 0.179236 0.982912 0.0419296 -0.342552 0.0924078 -0.0592515 0.993957 12.6053
0.977517 -0.180732 -0.108609 3.21928 0.186293 0.981537 0.0433565 -0.351981 0.0987683 -0.0626149 0.993139 12.7858
0.976041 -0.185672 -0.113442 3.32416 0.191814 0.980363 0.0457739 -0.357131 0.102716 -0.0664371 0.99249 13.0134
0.975675 -0.185052 -0.117534 3.42166 0.19194 0.980123 0.0501796 -0.403198 0.105912 -0.0715186 0.9918 13.2716
0.974809 -0.187772 -0.120371 3.44392 0.194927 0.979511 0.0506133 -0.387359 0.108401 -0.072802 0.991438 13.6114
0.975682 -0.184052 -0.119038 3.35988 0.191186 0.980202 0.0514872 -0.392028 0.107205 -0.0729936 0.991554 14.0372
0.976758 -0.177757 -0.119773 3.28653 0.184958 0.981377 0.0518714 -0.392046 0.108321 -0.0728187 0.991445 14.4724
0.976112 -0.180205 -0.121371 3.23281 0.187307 0.981038 0.0498069 -0.374326 0.110094 -0.0713508 0.991357 14.8928
0.976523 -0.177731 -0.121719 3.16797 0.184671 0.981615 0.048248 -0.356826 0.110906 -0.0695933 0.991391 15.313
0.977601 -0.173814 -0.118676 3.0706 0.180451 0.982432 0.0475919 -0.352491 0.108319 -0.0679411 0.991792 15.7332
0.977955 -0.172293 -0.117981 3.00408 0.178934 0.982683 0.0481397 -0.360764 0.107644 -0.0681894 0.991848 16.1539
0.977571 -0.174835 -0.117417 3.01091 0.181615 0.982113 0.0496882 -0.357754 0.10663 -0.0698986 0.991839 16.4242
0.977436 -0.177345 -0.114751 2.99398 0.184001 0.981644 0.0501872 -0.338196 0.103744 -0.0701689 0.992126 16.6977
0.977238 -0.177938 -0.115515 2.95857 0.184582 0.981568 0.0495358 -0.320007 0.104572 -0.0697303 0.99207 17.083
0.976536 -0.179933 -0.118331 2.93956 0.186408 0.981392 0.0460511 -0.249859 0.107843 -0.0670285 0.991906 17.4837
0.976592 -0.18166 -0.115188 2.87178 0.187877 0.981136 0.0455421 -0.228054 0.104742 -0.0661172 0.992299 17.8021
0.976355 -0.18268 -0.115578 2.83651 0.188996 0.980891 0.0461867 -0.22582 0.104932 -0.0669384 0.992224 18.16
0.975701 -0.185437 -0.116709 2.80784 0.191754 0.980395 0.0453523 -0.206358 0.106011 -0.0666297 0.99213 18.5025
0.976305 -0.182599 -0.116129 2.73028 0.188797 0.980997 0.044731 -0.196067 0.105755 -0.065596 0.992226 18.8962
0.976058 -0.183067 -0.117465 2.68754 0.189419 0.980851 0.0453047 -0.182688 0.106922 -0.0664701 0.992043 19.2601
0.976913 -0.178757 -0.11699 2.59924 0.184923 0.981764 0.0440797 -0.175705 0.106977 -0.0646963 0.992154 19.6452
0.976398 -0.180638 -0.118392 2.58003 0.186872 0.981409 0.0437677 -0.156405 0.108285 -0.0648588 0.992002 19.9682
0.976252 -0.181055 -0.118957 2.54065 0.187396 0.981281 0.0443917 -0.150077 0.108692 -0.0656295 0.991907 20.2853
0.975702 -0.182168 -0.121742 2.52833 0.188718 0.981021 0.0445303 -0.133981 0.11132 -0.0664232 0.991562 20.6151
0.975604 -0.18231 -0.122307 2.44521 0.188771 0.981062 0.0434034 -0.108973 0.112078 -0.0654326 0.991543 20.9834
0.975387 -0.181937 -0.124575 2.4011 0.188558 0.981099 0.0434943 -0.111576 0.114307 -0.0659133 0.991256 21.3355
0.97596 -0.179958 -0.122951 2.27728 0.186507 0.981471 0.043925 -0.112065 0.112768 -0.0658003 0.99144 21.7408
0.975979 -0.178712 -0.124606 2.2047 0.18539 0.981673 0.0441362 -0.106063 0.114435 -0.0661768 0.991224 22.1099
0.976133 -0.177126 -0.125665 2.12766 0.183888 0.981947 0.0443272 -0.10726 0.115545 -0.0663774 0.991082 22.4572
0.976495 -0.174006 -0.127202 2.0659 0.180575 0.982664 0.0419938 -0.100826 0.11769 -0.0639762 0.990987 22.802
0.976529 -0.172562 -0.128892 2.00028 0.179291 0.982879 0.0424791 -0.110855 0.119355 -0.0645912 0.990748 23.153
0.976573 -0.170998 -0.130633 1.94075 0.177847 0.983135 0.0426119 -0.119297 0.121143 -0.0648463 0.990515 23.4971
0.976482 -0.170997 -0.131315 1.86027 0.177748 0.983202 0.0414551 -0.0969831 0.122021 -0.0638212 0.990474 23.829
0.976442 -0.169934 -0.132979 1.7926 0.177046 0.983239 0.0435356 -0.136815 0.123352 -0.0660534 0.990162 24.1746
0.976454 -0.168733 -0.134413 1.71266 0.176066 0.983368 0.0445896 -0.151942 0.124653 -0.0672051 0.989922 24.5202
0.976088 -0.169194 -0.136479 1.6496 0.176862 0.983156 0.0460828 -0.173682 0.126383 -0.0691189 0.989571 24.8912
0.976006 -0.166978 -0.139752 1.61957 0.174906 0.98349 0.0464313 -0.188141 0.129692 -0.0697607 0.989097 25.2871
0.975633 -0.165983 -0.143492 1.60286 0.174211 0.983599 0.0467287 -0.195124 0.133382 -0.0705879 0.988548 25.5986
0.976817 -0.163774 -0.137865 1.37937 0.171878 0.983898 0.0490101 -0.230436 0.127618 -0.0715699 0.989238 25.9746
0.978227 -0.162569 -0.129012 1.1152 0.170284 0.984067 0.0511403 -0.25219 0.118643 -0.0719955 0.990323 26.2753
0.978651 -0.161581 -0.12702 0.996875 0.169123 0.984277 0.0509547 -0.250886 0.11679 -0.071349 0.99059 26.6329
0.978606 -0.159717 -0.129697 0.973379 0.167753 0.984374 0.0535333 -0.314263 0.11912 -0.0741452 0.990107 26.9667
0.978029 -0.160521 -0.133011 0.948448 0.168152 0.984582 0.0481968 -0.222217 0.123224 -0.0695039 0.989942 27.2797
0.978423 -0.158287 -0.132794 0.856848 0.166251 0.984757 0.0511258 -0.261351 0.122678 -0.0720998 0.989824 27.5788
0.978039 -0.158147 -0.135758 0.834595 0.166187 0.984825 0.0500164 -0.251952 0.125788 -0.0714792 0.989479 27.8934
0.978262 -0.15753 -0.134859 0.750291 0.165699 0.984826 0.0515905 -0.281764 0.124685 -0.0728151 0.989521 28.1801
0.978719 -0.157139 -0.131972 0.624384 0.164964 0.985003 0.0505518 -0.255225 0.122049 -0.0712466 0.989964 28.4981
0.977804 -0.15723 -0.138487 0.663244 0.165573 0.984885 0.0508667 -0.24238 0.128396 -0.0726673 0.989057 28.7825
0.977821 -0.154883 -0.140987 0.616541 0.163832 0.984999 0.0541823 -0.288709 0.13048 -0.0760787 0.988528 29.0807
0.978308 -0.151177 -0.141629 0.549715 0.160666 0.985298 0.0580819 -0.35544 0.130766 -0.0795769 0.988214 29.336
0.978871 -0.150527 -0.138397 0.419102 0.159642 0.985514 0.0572406 -0.337076 0.127776 -0.078125 0.988721 29.5905
0.979203 -0.147424 -0.139384 0.362506 0.156934 0.985795 0.0598354 -0.378804 0.128583 -0.0804651 0.988429 29.8379
0.980079 -0.143692 -0.137105 0.23722 0.153322 0.986202 0.0624262 -0.423895 0.126243 -0.0822039 0.988587 30.1228
0.980077 -0.142245 -0.138618 0.162913 0.152537 0.986048 0.0666444 -0.478195 0.127204 -0.0864611 0.988101 30.3869
0.9804 -0.140217 -0.138398 0.0597645 0.150969 0.986023 0.0704692 -0.520464 0.126583 -0.089982 0.987866 30.6352
0.980833 -0.136048 -0.139489 0.00389789 0.147263 0.986366 0.0734626 -0.576542 0.127593 -0.0925961 0.987495 30.8617
0.981118 -0.133321 -0.14012 -0.067355 0.144997 0.986457 0.0766716 -0.629408 0.128 -0.0955408 0.987162 31.0947
0.981305 -0.131482 -0.140546 -0.163086 0.143513 0.986477 0.0791618 -0.656897 0.128238 -0.097852 0.986904 31.3452
0.981498 -0.128589 -0.141868 -0.233545 0.141225 0.986502 0.0828831 -0.707416 0.129295 -0.101385 0.98641 31.5821
0.981555 -0.127813 -0.142175 -0.288018 0.141168 0.986052 0.0881628 -0.769225 0.128924 -0.106607 0.985907 31.7933
0.982272 -0.125156 -0.139564 -0.393527 0.138398 0.986318 0.0895747 -0.80064 0.126444 -0.107302 0.986153 32.013
0.982862 -0.12143 -0.138697 -0.468274 0.134621 0.986799 0.090032 -0.823312 0.125933 -0.107161 0.986234 32.2124
0.983785 -0.116822 -0.136083 -0.560815 0.129535 0.987607 0.0886228 -0.832645 0.124044 -0.104813 0.986726 32.4048
0.983949 -0.113793 -0.137464 -0.619638 0.127068 0.98762 0.0919839 -0.86437 0.125295 -0.107975 0.986226 32.6352
0.984372 -0.112571 -0.135421 -0.695558 0.125504 0.987904 0.0910784 -0.850523 0.12353 -0.106651 0.986593 32.8193
0.984686 -0.112546 -0.133146 -0.796464 0.125081 0.98807 0.0898434 -0.822646 0.121446 -0.105122 0.987016 33.034
0.983993 -0.118456 -0.13314 -0.835793 0.130379 0.98784 0.0846972 -0.731417 0.121488 -0.1007 0.987472 33.226
0.98436 -0.115514 -0.133011 -0.893979 0.127234 0.988373 0.0832501 -0.722004 0.121848 -0.0988716 0.987612 33.4133
0.984864 -0.112054 -0.132241 -0.955013 0.123806 0.988723 0.0842546 -0.745815 0.121309 -0.0993515 0.98763 33.6286
0.984857 -0.110153 -0.133878 -1.0023 0.121563 0.989334 0.0802573 -0.69437 0.12361 -0.0953166 0.987743 33.858
0.985432 -0.106881 -0.132289 -1.10197 0.118536 0.989424 0.0835976 -0.743343 0.121955 -0.0980608 0.98768 34.1002
0.986213 -0.10492 -0.127968 -1.25251 0.116335 0.989545 0.0852407 -0.776956 0.117687 -0.0989526 0.988108 34.3921
0.986105 -0.105721 -0.128144 -1.29858 0.117225 0.98939 0.0858209 -0.781468 0.117711 -0.09965 0.988035 34.652
0.986578 -0.103621 -0.126198 -1.34979 0.114894 0.989684 0.0855808 -0.781311 0.116028 -0.0989316 0.988307 34.9026
0.987347 -0.103652 -0.120008 -1.50015 0.114348 0.989715 0.0859553 -0.741357 0.109864 -0.0985904 0.989045 35.2017
0.988468 -0.0984431 -0.115064 -1.61006 0.108801 0.990205 0.0874975 -0.731734 0.105323 -0.0990076 0.989497 35.5115
0.989313 -0.0971162 -0.10876 -1.73133 0.106906 0.990356 0.0881238 -0.713556 0.099153 -0.0988092 0.990154 35.8658
0.989983 -0.0989067 -0.100757 -1.84928 0.107913 0.990237 0.0882406 -0.678908 0.0910456 -0.0982297 0.99099 36.2111
0.990359 -0.103329 -0.0922604 -2.0135 0.111256 0.99012 0.0853529 -0.584116 0.0825293 -0.0947945 0.99207 36.6287
0.990995 -0.106923 -0.0805952 -2.22845 0.113556 0.990076 0.0827887 -0.510765 0.0709434 -0.0911953 0.993303 37.0432
0.992125 -0.103543 -0.0704822 -2.37465 0.109366 0.990403 0.0845018 -0.508044 0.0610563 -0.0915447 0.993927 37.4411
0.992744 -0.104885 -0.0588039 -2.58264 0.109385 0.990823 0.079398 -0.411644 0.0499366 -0.0852542 0.995107 37.8929
0.993419 -0.103552 -0.0489402 -2.73163 0.107178 0.991141 0.0784314 -0.376247 0.0403849 -0.0831606 0.995718 38.3318
0.994027 -0.102298 -0.038019 -2.90457 0.105017 0.991394 0.0781674 -0.314173 0.0296954 -0.0816931 0.996215 38.8258
0.994317 -0.103278 -0.0258141 -3.0752 0.105013 0.991356 0.078655 -0.257574 0.0174676 -0.0809188 0.996568 39.328
0.994682 -0.102022 -0.0141075 -3.22525 0.102824 0.991534 0.0792995 -0.214599 0.00589781 -0.0803284 0.996751 39.8111
0.994876 -0.100606 -0.00998609 -3.2224 0.101084 0.991642 0.0801757 -0.177216 0.00183644 -0.0807743 0.996731 40.2056
0.994988 -0.0999659 0.0021867 -3.39511 0.0994681 0.991792 0.0803441 -0.126165 -0.0102004 -0.0797239 0.996765 40.7376
0.994823 -0.100618 0.0142668 -3.56031 0.0991771 0.991874 0.0796815 -0.0583675 -0.0221683 -0.077854 0.996718 41.3063
0.994644 -0.100513 0.0240923 -3.6273 0.0982764 0.991875 0.0807877 -0.0259114 -0.0320168 -0.0779873 0.99644 41.8307
0.994505 -0.100328 0.0298948 -3.66744 0.0976517 0.991961 0.0804891 0.0318464 -0.0377298 -0.0771275 0.996307 42.3506
0.994331 -0.0996695 0.0370402 -3.67427 0.0964685 0.992118 0.0799756 0.0838261 -0.0447194 -0.075949 0.996108 42.9155
0.994059 -0.0994595 0.0442031 -3.66955 0.0957028 0.992171 0.0802343 0.123944 -0.0518371 -0.0755273 0.995795 43.5655
0.994147 -0.0987194 0.0438902 -3.5503 0.0948367 0.992014 0.0831485 0.131485 -0.0517481 -0.0784994 0.99557 44.1315
0.993948 -0.0982865 0.0490638 -3.50709 0.0938817 0.991932 0.0851941 0.151632 -0.0570414 -0.0800724 0.995156 44.7597
0.993741 -0.0963114 0.0565928 -3.51169 0.0911898 0.992025 0.087013 0.182825 -0.0645218 -0.0813077 0.994598 45.4183
0.993547 -0.0932126 0.0646153 -3.50284 0.0869254 0.991761 0.0940964 0.16237 -0.0728539 -0.0878725 0.993464 46.0934
0.993607 -0.0941299 0.0623211 -3.31399 0.088095 0.991726 0.0933752 0.209189 -0.0705948 -0.0872882 0.993679 46.6819
0.993492 -0.0941838 0.0640476 -3.20343 0.0879167 0.991637 0.0944849 0.236906 -0.0724109 -0.0882392 0.993464 47.3151
0.993653 -0.0950142 0.0602147 -3.02922 0.0889819 0.991398 0.0959845 0.278568 -0.0688166 -0.0900172 0.99356 47.8992
0.993665 -0.0950202 0.0600119 -2.95902 0.0891336 0.991561 0.0941385 0.363593 -0.0684505 -0.088193 0.993749 48.5983
0.993776 -0.0946391 0.058765 -2.88294 0.0888559 0.991575 0.0942559 0.405991 -0.0671902 -0.0884476 0.993812 49.3031
0.993779 -0.0949495 0.0582048 -2.82219 0.0889597 0.991197 0.0980568 0.397699 -0.0670028 -0.0922689 0.993477 49.9928
0.993971 -0.0935504 0.0571901 -2.78125 0.0876407 0.991288 0.0983231 0.446461 -0.06589 -0.0927181 0.99351 50.7034
0.994091 -0.092727 0.0564314 -2.74342 0.0869405 0.991426 0.0975539 0.516626 -0.0649934 -0.0920713 0.993629 51.4719
0.994168 -0.0935526 0.0536435 -2.6751 0.0880898 0.99143 0.0964668 0.577387 -0.0622085 -0.0911788 0.99389 52.2082
0.99428 -0.0941422 0.0504368 -2.63361 0.0889619 0.991337 0.0966258 0.63281 -0.0590964 -0.0915861 0.994042 52.927
0.9945 -0.0940609 0.0460581 -2.57648 0.0892949 0.991327 0.0964262 0.700436 -0.0547285 -0.0917831 0.994274 53.7044
0.994625 -0.0940618 0.0432938 -2.58596 0.0895078 0.991228 0.0972414 0.745232 -0.0520607 -0.0928436 0.994319 54.4315
0.994731 -0.094642 0.0394125 -2.58037 0.0903544 0.990961 0.0991621 0.786086 -0.0484411 -0.0950786 0.99429 55.2063
0.994987 -0.0942702 0.0333749 -2.52979 0.0905626 0.990946 0.0991168 0.870394 -0.0424165 -0.0955974 0.994516 56.0238
0.995204 -0.0941045 0.0266901 -2.48622 0.0910029 0.990803 0.100135 0.92818 -0.0358678 -0.097226 0.994616 56.7992
0.995357 -0.0936323 0.0223142 -2.48128 0.090952 0.990784 0.100372 0.989938 -0.0315066 -0.0978765 0.9947 57.5425
0.995485 -0.093583 0.0158977 -2.46066 0.0915447 0.990776 0.0999172 1.06416 -0.0251016 -0.0980106 0.994869 58.3274
0.995501 -0.0940516 0.011505 -2.47716 0.0924853 0.990893 0.0978598 1.15532 -0.0206041 -0.0963555 0.995134 59.099
0.995517 -0.0943707 0.00632817 -2.48729 0.0933414 0.991055 0.0953832 1.23662 -0.0152729 -0.0943649 0.995421 59.8662
0.995565 -0.0940773 -0.000640483 -2.47845 0.0937149 0.991085 0.0947001 1.29262 -0.00827436 -0.0943401 0.995506 60.629
0.995512 -0.094232 -0.00869267 -2.47543 0.0946314 0.990967 0.0950196 1.34103 -0.000339734 -0.0954158 0.995437 61.3951
0.99542 -0.0942474 -0.0160245 -2.48454 0.0953382 0.991045 0.0934896 1.42397 0.00706988 -0.0945891 0.995491 62.1667
0.995363 -0.0935175 -0.0224947 -2.50684 0.0951981 0.991245 0.0914879 1.49861 0.013742 -0.0932051 0.995552 62.9319
0.995102 -0.0940257 -0.0305211 -2.50742 0.0964625 0.991095 0.0917923 1.5544 0.0216185 -0.0942868 0.99531 63.705
0.994894 -0.09289 -0.0394555 -2.50222 0.0962392 0.99093 0.0937875 1.59723 0.0303857 -0.0971058 0.99481 64.4644
0.994586 -0.0923564 -0.047626 -2.51028 0.0964433 0.99106 0.0921848 1.67204 0.0386864 -0.096279 0.994602 65.2025
0.994513 -0.0888085 -0.0552813 -2.54541 0.0935438 0.991543 0.0899597 1.73773 0.0468246 -0.0946374 0.99441 65.9726
0.99402 -0.0884821 -0.0639923 -2.56437 0.0939701 0.991629 0.0885542 1.81038 0.0556211 -0.0940381 0.994014 66.7409
0.99365 -0.0873487 -0.0709154 -2.5756 0.0936518 0.991433 0.0910494 1.81118 0.0623549 -0.0971127 0.993318 67.4195
0.992786 -0.0907268 -0.0783855 -2.60651 0.098066 0.990587 0.0954997 1.82195 0.0689833 -0.102498 0.992338 68.1527
0.99168 -0.0935018 -0.0884816 -2.62846 0.102143 0.989854 0.0987768 1.87641 0.0783481 -0.106993 0.991168 68.9342
0.991477 -0.0942324 -0.0899699 -2.71406 0.103125 0.989637 0.0999192 1.91296 0.0796219 -0.108346 0.99092 69.6124
0.991002 -0.093921 -0.0953603 -2.75491 0.103479 0.989511 0.100801 1.96962 0.0848927 -0.109761 0.990326 70.3573
0.990198 -0.0977642 -0.0997505 -2.75152 0.107739 0.98913 0.100066 2.05999 0.0888833 -0.109832 0.989968 71.0219
0.990785 -0.0944733 -0.0970545 -2.89518 0.103769 0.98999 0.0956651 2.1309 0.0870452 -0.104855 0.990671 71.6034
0.989338 -0.101119 -0.104814 -2.83652 0.111249 0.989166 0.09578 2.22721 0.0939935 -0.106419 0.989869 72.2683
0.98836 -0.104026 -0.111013 -2.80715 0.114948 0.988625 0.0969893 2.27618 0.0996609 -0.108621 0.989075 72.9913
0.987691 -0.10603 -0.114999 -2.86012 0.117575 0.988144 0.0987312 2.32058 0.103167 -0.111037 0.988447 73.754
0.987304 -0.108165 -0.116321 -2.95685 0.11975 0.987986 0.0976941 2.38336 0.104357 -0.110383 0.988395 74.4936
0.987343 -0.108237 -0.115921 -3.05373 0.119906 0.987844 0.098923 2.42509 0.103805 -0.111571 0.98832 75.1447
0.987878 -0.106135 -0.113277 -3.20511 0.117174 0.988489 0.0957039 2.50962 0.101815 -0.107817 0.988943 75.838
0.987313 -0.109601 -0.114894 -3.31648 0.120977 0.987884 0.0972147 2.55489 0.102847 -0.109881 0.988609 76.6007
0.987833 -0.107174 -0.112689 -3.49326 0.118138 0.988386 0.0955847 2.63297 0.101136 -0.107735 0.989022 77.2832
0.988165 -0.103646 -0.113079 -3.55499 0.11472 0.988724 0.0962553 2.65014 0.101827 -0.108088 0.988913 77.7974
0.988292 -0.103837 -0.111787 -3.67074 0.114553 0.988947 0.0941384 2.74403 0.100777 -0.105842 0.989263 78.4082
0.988475 -0.102865 -0.111071 -3.76273 0.113434 0.989141 0.0934448 2.78891 0.100253 -0.104967 0.98941 79.0079
0.988667 -0.106477 -0.105836 -3.93013 0.116322 0.988972 0.0916669 2.86239 0.0949082 -0.102939 0.990149 79.6635
0.989207 -0.100276 -0.106833 -4.05378 0.110436 0.989442 0.0938551 2.89389 0.0962934 -0.10464 0.989837 80.3144
0.989195 -0.10154 -0.105753 -4.22828 0.111423 0.989491 0.0921585 2.98125 0.095284 -0.102946 0.990113 81.0216
0.989649 -0.101471 -0.101478 -4.4483 0.111021 0.989423 0.0933602 3.02874 0.0909316 -0.10366 0.990447 81.7498
0.989472 -0.10069 -0.103957 -4.58277 0.110521 0.989458 0.0935868 3.092 0.0934376 -0.104091 0.990169 82.4781
0.989497 -0.102442 -0.101985 -4.68966 0.111998 0.989361 0.0928488 3.15125 0.0913884 -0.103296 0.990443 83.0733
0.989073 -0.107472 -0.100914 -4.80567 0.116899 0.98881 0.0926773 3.22869 0.0898245 -0.103461 0.990569 83.668
0.989736 -0.105407 -0.0964978 -4.97197 0.114131 0.989394 0.089856 3.29267 0.0860028 -0.0999471 0.991269 84.315
0.989413 -0.108362 -0.096542 -5.051 0.117162 0.988962 0.0906986 3.339 0.0856482 -0.101049 0.991188 84.904
0.989168 -0.111992 -0.0948971 -5.21622 0.120398 0.988814 0.0880423 3.43178 0.0839755 -0.098514 0.991586 85.5948
0.989624 -0.11275 -0.0890622 -5.43304 0.120539 0.988841 0.0875408 3.49906 0.0781982 -0.097368 0.992172 86.3502
0.989523 -0.111141 -0.0921508 -5.49657 0.119092 0.989169 0.0858003 3.58804 0.0816168 -0.0958758 0.992042 87.2209
0.989008 -0.114337 -0.0937538 -5.59164 0.122563 0.988619 0.0872443 3.65672 0.0827115 -0.0977761 0.991765 88.1115
0.98718 -0.120653 -0.104492 -5.50125 0.129504 0.988139 0.0825172 3.82815 0.0932969 -0.0949915 0.991097 88.983
0.986972 -0.120263 -0.106877 -5.57697 0.129353 0.988151 0.0826162 3.88462 0.0956744 -0.0953647 0.990834 89.8304
0.986047 -0.120318 -0.115042 -5.58321 0.130015 0.98821 0.0808519 3.96475 0.103958 -0.0946809 0.990065 90.7186
0.986918 -0.119562 -0.108157 -5.84029 0.128899 0.988103 0.0838937 3.98375 0.0968394 -0.0967375 0.990588 91.6474
0.985959 -0.121986 -0.114039 -5.87792 0.131836 0.987772 0.0832205 4.0522 0.102492 -0.0970864 0.989985 92.5441
0.984873 -0.125245 -0.119746 -5.91891 0.135401 0.987491 0.0807922 4.15966 0.10813 -0.0957838 0.989512 93.4509
0.984667 -0.125577 -0.121083 -6.00852 0.136078 0.987238 0.0827315 4.22135 0.109148 -0.0979397 0.989189 94.3618
0.983921 -0.125051 -0.127521 -6.05839 0.135977 0.987404 0.0808887 4.3139 0.1158 -0.0969281 0.988532 95.3228
0.985349 -0.125333 -0.115668 -6.47976 0.135419 0.987231 0.0838837 4.33768 0.103678 -0.0983184 0.98974 96.3832
0.985739 -0.128432 -0.108742 -6.71701 0.138491 0.986208 0.0906322 4.33568 0.0956017 -0.104399 0.98993 97.1811
0.986702 -0.126402 -0.102186 -6.93104 0.136642 0.985526 0.100336 4.27454 0.0880244 -0.112965 0.989692 98.0112
0.98745 -0.132368 -0.0861435 -7.24503 0.141527 0.983724 0.110711 4.25533 0.0700868 -0.121514 0.990112 98.7884
0.987449 -0.134491 -0.0828047 -7.42772 0.143297 0.983361 0.111656 4.3112 0.0664103 -0.12212 0.990291 99.6048
0.98732 -0.138407 -0.0777336 -7.62485 0.146731 0.982562 0.114198 4.38343 0.0605723 -0.124156 0.990412 100.414
0.985171 -0.151088 -0.081305 -7.59333 0.159523 0.981065 0.10984 4.53699 0.0631699 -0.121181 0.990618 100.962
0.986369 -0.143015 -0.0813832 -7.64887 0.151641 0.982055 0.112126 4.55633 0.0638871 -0.122939 0.990356 101.647
0.985364 -0.148409 -0.0838558 -7.66174 0.157042 0.981671 0.107979 4.6709 0.0662938 -0.119567 0.99061 102.257
0.985009 -0.149666 -0.0857793 -7.66863 0.158437 0.98159 0.106676 4.75328 0.0682342 -0.118668 0.990587 102.882
0.984721 -0.149546 -0.0892178 -7.68215 0.158725 0.981547 0.106642 4.81669 0.0716236 -0.119174 0.990287 103.523
0.98434 -0.150764 -0.0913543 -7.71673 0.160203 0.981297 0.106726 4.88877 0.0735553 -0.11969 0.990083 104.182
0.984806 -0.147715 -0.0913099 -7.7752 0.157166 0.981777 0.106834 4.93965 0.0738649 -0.119562 0.990075 104.835
0.984536 -0.150053 -0.0904074 -7.8559 0.159463 0.981295 0.107852 4.99669 0.0725329 -0.1206 0.990048 105.492
0.986019 -0.141642 -0.087774 -7.98672 0.150734 0.982715 0.107473 5.05532 0.0710342 -0.119201 0.990326 106.206
0.984689 -0.150216 -0.0884513 -8.04065 0.159328 0.981409 0.107013 5.12984 0.0707318 -0.119467 0.990315 106.871
0.984272 -0.154039 -0.0864933 -8.11339 0.162988 0.980672 0.108244 5.19842 0.0681478 -0.120639 0.990355 107.531
0.984157 -0.154801 -0.0864408 -8.18327 0.163656 0.980697 0.107007 5.26714 0.0682074 -0.119458 0.990494 108.2
0.983599 -0.158508 -0.0860713 -8.26097 0.167263 0.980155 0.106393 5.33956 0.0674989 -0.119045 0.990592 108.886
0.984833 -0.152104 -0.0834802 -8.34645 0.160527 0.981356 0.105697 5.38106 0.0658468 -0.117495 0.990888 109.552
0.9859 -0.152048 -0.0698827 -8.69464 0.15879 0.981821 0.103985 5.50303 0.0528016 -0.113615 0.992121 110.452
0.985862 -0.153146 -0.0679893 -8.80884 0.159658 0.9817 0.103805 5.60534 0.0508478 -0.113192 0.992271 111.347
0.986251 -0.151623 -0.0657299 -8.92551 0.157888 0.981979 0.103869 5.67429 0.0487965 -0.112819 0.992417 112.266
0.986936 -0.148848 -0.0616544 -9.09168 0.154729 0.982335 0.105247 5.71992 0.0448995 -0.113412 0.992533 113.235
0.986943 -0.148942 -0.0613098 -9.1472 0.154783 0.982326 0.105255 5.8112 0.0445493 -0.113371 0.992553 114.12
0.986869 -0.149807 -0.060401 -9.21848 0.155617 0.982008 0.106973 5.88659 0.0432889 -0.114968 0.992426 114.995
0.98648 -0.151015 -0.0636521 -9.24198 0.157237 0.98165 0.107888 5.98382 0.0461913 -0.116438 0.992123 115.886
0.986514 -0.151947 -0.0608453 -9.37789 0.157938 0.98128 0.110207 6.06775 0.0429607 -0.11833 0.992044 116.789
0.986799 -0.151825 -0.0563712 -9.53944 0.157412 0.980997 0.113428 6.12315 0.0380787 -0.120804 0.991946 117.722
0.98713 -0.148762 -0.058692 -9.57312 0.154736 0.981171 0.115586 6.17107 0.0403922 -0.12318 0.991562 118.428
0.986738 -0.15123 -0.0589658 -9.61504 0.157199 0.980849 0.114991 6.24273 0.0404464 -0.122735 0.991615 119.104
0.98677 -0.151207 -0.0584881 -9.68883 0.15712 0.980857 0.115037 6.30169 0.039974 -0.122705 0.991638 119.788
0.98685 -0.151061 -0.0575209 -9.76487 0.156827 0.980989 0.11431 6.36809 0.0391595 -0.121828 0.991778 120.507
0.987244 -0.149032 -0.0560169 -9.86007 0.15463 0.981326 0.114409 6.43126 0.0379202 -0.121612 0.991853 121.231
0.987046 -0.150023 -0.0568585 -9.88024 0.155705 0.981194 0.114078 6.49043 0.0386749 -0.121453 0.991843 121.87
0.987442 -0.149575 -0.0508481 -10.0258 0.154509 0.981461 0.11341 6.56408 0.0329421 -0.119842 0.992246 122.611
0.987634 -0.148835 -0.0492711 -10.1082 0.153565 0.98168 0.11279 6.63095 0.0315814 -0.118961 0.992397 123.306
0.987477 -0.150112 -0.0485391 -10.1772 0.154751 0.981478 0.112932 6.70925 0.0306877 -0.119029 0.992416 123.987
0.987501 -0.1507 -0.0461558 -10.2802 0.155088 0.981275 0.114221 6.77756 0.0280784 -0.119952 0.992383 124.692
0.987808 -0.14907 -0.0448814 -10.3554 0.153329 0.981496 0.114698 6.84951 0.0269528 -0.120181 0.992386 125.394
0.987767 -0.149449 -0.0445058 -10.4326 0.153701 0.981258 0.116226 6.90707 0.026302 -0.121644 0.992225 126.099
0.988057 -0.148258 -0.0419875 -10.5206 0.152225 0.981425 0.11676 6.97805 0.023897 -0.121757 0.992272 126.786
0.98823 -0.147674 -0.0399152 -10.6062 0.151396 0.981535 0.116913 7.05214 0.0219131 -0.12158 0.99234 127.461
0.988641 -0.145907 -0.0360624 -10.7072 0.149193 0.981742 0.118 7.10827 0.0181869 -0.12204 0.992359 128.131
0.988897 -0.145204 -0.0315934 -10.817 0.147951 0.98193 0.117996 7.18385 0.013889 -0.121361 0.992511 128.823
0.988822 -0.145935 -0.0305717 -10.9137 0.148555 0.98182 0.118154 7.24814 0.0127731 -0.121374 0.992525 129.517
0.988789 -0.14769 -0.0220115 -11.0746 0.149269 0.981558 0.119425 7.30706 0.00396761 -0.121372 0.992599 130.164
0.988506 -0.149682 -0.0212304 -11.0963 0.151159 0.980903 0.122395 7.34333 0.00250468 -0.124197 0.992254 130.76
0.988826 -0.147558 -0.0211927 -11.1441 0.149046 0.981277 0.121985 7.42416 0.002796 -0.123781 0.992306 131.435
0.988802 -0.147381 -0.0234323 -11.1283 0.149143 0.981387 0.120977 7.49594 0.00516655 -0.123117 0.992379 132.05
0.988242 -0.150995 -0.0240666 -11.1324 0.152789 0.981223 0.11772 7.61895 0.00583964 -0.120013 0.992755 132.638
0.987715 -0.154543 -0.0231635 -11.1643 0.156199 0.980787 0.116866 7.70335 0.00465766 -0.119049 0.992877 133.233
0.988099 -0.152374 -0.0210173 -11.2159 0.1538 0.98073 0.120475 7.72789 0.00225498 -0.122274 0.992494 133.87
0.987617 -0.154921 -0.0247361 -11.2153 0.156785 0.980243 0.120592 7.80385 0.00556514 -0.122977 0.992394 134.591
0.987911 -0.153694 -0.0202457 -11.2757 0.155019 0.980228 0.122972 7.84965 0.000945362 -0.124624 0.992204 135.238
0.989461 -0.142259 -0.0270227 -11.1796 0.144529 0.981713 0.123903 7.8723 0.00890228 -0.126502 0.991926 135.771
0.989099 -0.145542 -0.0223536 -11.2435 0.147209 0.980902 0.127128 7.91474 0.00342417 -0.129033 0.991634 136.421
0.989689 -0.141452 -0.0225282 -11.2641 0.143181 0.981302 0.128628 7.96144 0.00391228 -0.130527 0.991437 137.043
0.989804 -0.140764 -0.0217852 -11.2795 0.142402 0.981423 0.128572 8.02348 0.00328222 -0.130363 0.991461 137.627
0.98975 -0.141211 -0.0213204 -11.2976 0.14278 0.981581 0.126936 8.09447 0.00300298 -0.128679 0.991682 138.223
0.989325 -0.144245 -0.0207233 -11.297 0.145715 0.980973 0.128292 8.15541 0.00182349 -0.129942 0.99152 138.775
0.98966 -0.141922 -0.020774 -11.3187 0.143417 0.98138 0.127768 8.2135 0.002254 -0.129426 0.991586 139.369
0.989797 -0.140963 -0.0207881 -11.3304 0.142468 0.98151 0.12783 8.26508 0.00238444 -0.129487 0.991578 139.967
0.989978 -0.139818 -0.0198532 -11.3585 0.141212 0.981667 0.128018 8.32546 0.00158993 -0.129539 0.991573 140.569
0.990134 -0.13898 -0.0178877 -11.3975 0.140125 0.981465 0.130731 8.38068 -0.000612817 -0.131948 0.991256 141.203
0.989653 -0.142112 -0.0197568 -11.3906 0.143476 0.98109 0.129914 8.4631 0.000920894 -0.131405 0.991328 141.804
0.989507 -0.142726 -0.0224553 -11.3684 0.144448 0.980594 0.13255 8.517 0.00310118 -0.134403 0.990922 142.342
0.989151 -0.145228 -0.0221306 -11.3853 0.146882 0.980307 0.131999 8.59336 0.0025249 -0.133817 0.991003 142.952
0.988106 -0.151935 -0.0237254 -11.364 0.153723 0.979992 0.12643 8.69736 0.00404158 -0.128574 0.991692 143.479
0.987984 -0.152326 -0.0261482 -11.3629 0.154434 0.979654 0.128169 8.75009 0.00609271 -0.130667 0.991408 144.079
0.987811 -0.153612 -0.0251519 -11.3952 0.155576 0.97955 0.127585 8.83032 0.00503884 -0.129943 0.991509 144.692
0.987842 -0.153407 -0.025181 -11.4077 0.155372 0.979685 0.126797 8.90761 0.00521796 -0.129168 0.991609 145.268
0.98793 -0.152574 -0.0267509 -11.4164 0.154753 0.979705 0.127399 8.97819 0.00677021 -0.130001 0.991491 145.883
0.988244 -0.150278 -0.0281242 -11.4115 0.152658 0.979982 0.12779 9.04569 0.00835729 -0.130581 0.991402 146.443
0.987798 -0.153121 -0.0284464 -11.433 0.155511 0.979675 0.126701 9.12074 0.00846758 -0.129579 0.991533 147.014
0.987432 -0.155929 -0.0257769 -11.4689 0.157943 0.979429 0.12559 9.19811 0.00566351 -0.128083 0.991747 147.573
0.987266 -0.156652 -0.0276654 -11.471 0.158903 0.979269 0.125624 9.26443 0.00741273 -0.12842 0.991692 148.14
0.986964 -0.158415 -0.0284162 -11.4816 0.160733 0.979206 0.123773 9.34313 0.00821783 -0.126727 0.991904 148.694
0.987106 -0.157293 -0.0296865 -11.4819 0.159784 0.979323 0.124075 9.40873 0.0095566 -0.127218 0.991829 149.26
0.987051 -0.157087 -0.0324714 -11.4749 0.159922 0.979434 0.123018 9.48525 0.0124791 -0.126618 0.991873 149.794
0.987073 -0.15673 -0.0334933 -11.488 0.159689 0.979542 0.122459 9.54853 0.0136152 -0.126224 0.991908 150.351
0.987151 -0.156191 -0.0337355 -11.5104 0.159178 0.979682 0.122006 9.61134 0.0139938 -0.125809 0.991956 150.919
0.987338 -0.15484 -0.03446 -11.5244 0.157934 0.979847 0.122299 9.67468 0.0148287 -0.126193 0.991895 151.485
0.987099 -0.156298 -0.0347255 -11.5485 0.159405 0.979685 0.121688 9.74471 0.0150005 -0.125653 0.991961 152.04
0.986934 -0.157702 -0.0330474 -11.5944 0.160574 0.979619 0.120675 9.80871 0.0133431 -0.124405 0.992142 152.619
0.987385 -0.15471 -0.0336885 -11.6095 0.157683 0.980096 0.120614 9.86129 0.0143578 -0.124405 0.992128 153.18
0.987333 -0.154728 -0.0351126 -11.6147 0.157877 0.98007 0.120573 9.92445 0.0157568 -0.124589 0.992083 153.702
0.98744 -0.153385 -0.0378864 -11.6222 0.156853 0.98048 0.11856 9.99048 0.0189614 -0.123014 0.992224 154.248
0.986682 -0.158134 -0.038099 -11.6382 0.161591 0.979727 0.118423 10.0563 0.0185999 -0.123003 0.992232 154.787
0.986526 -0.158816 -0.0393022 -11.6443 0.162403 0.979682 0.117681 10.1249 0.0198141 -0.122478 0.992273 155.313
0.986143 -0.161394 -0.0383981 -11.6766 0.164847 0.979307 0.117404 10.1855 0.0186553 -0.122106 0.992342 155.861
0.986752 -0.158167 -0.0361114 -11.7181 0.161419 0.979473 0.120735 10.2174 0.0162739 -0.124964 0.992028 156.43
0.986843 -0.157412 -0.0369187 -11.7277 0.160756 0.979683 0.11991 10.2785 0.0172934 -0.124268 0.992098 156.982
0.986812 -0.156725 -0.0404882 -11.7037 0.160503 0.979815 0.119168 10.3535 0.0209943 -0.124095 0.992048 157.527
0.986569 -0.156491 -0.0468216 -11.6627 0.16111 0.979497 0.120949 10.3795 0.0269341 -0.126868 0.991554 158.045
0.986498 -0.15594 -0.0500514 -11.6724 0.161015 0.979343 0.122321 10.4225 0.0299427 -0.128728 0.991228 158.556
0.986581 -0.155687 -0.0491844 -11.7092 0.160703 0.979175 0.124056 10.4604 0.0288462 -0.130296 0.991055 159.084
0.986685 -0.154926 -0.0495032 -11.7278 0.160023 0.979139 0.125216 10.5046 0.0290714 -0.13147 0.990894 159.619
0.986711 -0.154509 -0.0502746 -11.766 0.15976 0.978971 0.126853 10.555 0.0296174 -0.133199 0.990647 160.195
0.986833 -0.153747 -0.0502181 -11.805 0.158979 0.979178 0.126241 10.6232 0.0297632 -0.132563 0.990728 160.758
0.986666 -0.154018 -0.0526138 -11.8262 0.159643 0.978756 0.128649 10.6668 0.0316818 -0.135333 0.990293 161.303
0.986721 -0.153351 -0.0535309 -11.8536 0.159107 0.978839 0.12868 10.7291 0.032665 -0.135488 0.99024 161.863
0.987036 -0.152522 -0.0499693 -11.9182 0.157831 0.978918 0.129652 10.7652 0.0291411 -0.135858 0.9903 162.348
0.986758 -0.154688 -0.0487841 -12.0266 0.159846 0.978455 0.130674 10.8345 0.0275193 -0.136742 0.990224 162.822
0.986498 -0.155146 -0.0524489 -11.9991 0.160798 0.978324 0.130484 10.8942 0.031068 -0.137156 0.990062 163.344
0.986411 -0.155244 -0.0537784 -12.0213 0.161074 0.978297 0.13035 10.9622 0.0323751 -0.137241 0.990008 163.918
0.986747 -0.153635 -0.0522187 -12.0933 0.159273 0.978551 0.130653 11.0393 0.0310259 -0.137238 0.990052 164.539
