1 0 0 0 0 1 0 0 0 0 1 0
0.999997 0.00161463 0.001987 -0.0564279 -0.00161261 0.999998 -0.00101754 -0.0150234 -0.00198864 0.00101433 0.999998 1.61952
0.999983 0.00521547 0.00247299 -0.0714138 -0.00520599 0.999979 -0.00382392 -0.0282053 -0.00249289 0.00381099 0.99999 3.1295
0.99994 0.00986272 0.00472592 -0.0958621 -0.00983418 0.999933 -0.00602456 -0.0672004 -0.00478503 0.00597773 0.999971 4.6453
0.999969 0.00698065 0.00352606 -0.0607114 -0.00698173 0.999976 0.000294972 -0.17649 -0.00352392 -0.000319581 0.999994 6.17514
0.999951 0.00915661 0.00377801 -0.00166054 -0.00916124 0.999957 0.00120806 -0.206224 -0.00376678 -0.00124261 0.999992 7.67907
0.999965 0.00833396 0.00105652 0.0941885 -0.00833837 0.999956 0.00424241 -0.299023 -0.00102111 -0.00425107 0.99999 9.23945
0.999926 0.0106174 0.00600037 0.100582 -0.0106539 0.999925 0.00608682 -0.35055 -0.00593529 -0.00615029 0.999963 10.6464
0.999868 0.0119257 0.0109999 0.130632 -0.0120301 0.999883 0.00947502 -0.43226 -0.0108856 -0.0096061 0.999895 12.0232
0.999774 0.0124079 0.0172856 0.175346 -0.0125691 0.999878 0.00924808 -0.451226 -0.0171688 -0.00946325 0.999808 13.4338
0.999508 0.0148716 0.0276076 0.183068 -0.0151066 0.999851 0.0083247 -0.466224 -0.0274797 -0.00873767 0.999584 14.8258
0.999076 0.0179974 0.0390348 0.25523 -0.0183129 0.999802 0.00774022 -0.484158 -0.0388878 -0.0084479 0.999208 16.2122
0.998537 0.0201466 0.0501715 0.389258 -0.0205928 0.999753 0.00839386 -0.538011 -0.04999 -0.00941476 0.998705 17.512
0.99754 0.0231717 0.0661552 0.453441 -0.0237833 0.999681 0.00847243 -0.556608 -0.0659378 -0.010025 0.997773 18.8439
0.996084 0.0242564 0.0850162 0.543169 -0.0249162 0.999667 0.00670796 -0.568292 -0.0848252 -0.00879997 0.996357 20.1555
0.99382 0.0286438 0.107247 0.615335 -0.029893 0.999502 0.0100583 -0.604129 -0.106906 -0.0132021 0.994181 21.4524
0.991235 0.0262344 0.129478 0.766684 -0.0275541 0.999585 0.00841099 -0.593878 -0.129204 -0.0119049 0.991547 22.761
0.988068 0.0268148 0.151663 0.91695 -0.0277988 0.999604 0.00437123 -0.625424 -0.151486 -0.00853514 0.988423 23.974
0.984383 0.0227747 0.174561 1.12045 -0.0231143 0.999733 -8.73526e-05 -0.647183 -0.174516 -0.00394887 0.984646 25.1849
0.980496 0.0164884 0.195847 1.36837 -0.0171404 0.999852 0.00163463 -0.653679 -0.195791 -0.00495965 0.980633 26.3302
0.975483 0.00946506 0.219872 1.60819 -0.0104828 0.999939 0.00346252 -0.672894 -0.219825 -0.0056825 0.975523 27.5655
0.970396 0.00802139 0.241387 1.91809 -0.00865939 0.999961 0.00158234 -0.684784 -0.241365 -0.00362576 0.970428 28.7244
0.964798 0.00408872 0.262961 2.26192 -0.00397756 0.999992 -0.000955081 -0.699422 -0.262962 -0.000124482 0.964806 29.9091
0.957661 0.004492 0.287863 2.59522 -0.00367394 0.999988 -0.00338201 -0.719868 -0.287875 0.00218122 0.957666 31.0603
0.950371 0.00558667 0.31107 2.97348 -0.00417027 0.999978 -0.00521825 -0.752094 -0.311092 0.00366203 0.950373 32.1817
0.942366 0.00460939 0.334552 3.37687 -0.00306354 0.999982 -0.00514817 -0.773716 -0.33457 0.00382654 0.942363 33.308
0.931466 0.00440088 0.363801 3.74914 -0.0021861 0.999976 -0.00649944 -0.77124 -0.363821 0.0052587 0.931454 34.4633
0.921154 0.00612009 0.38915 4.21094 -0.00273291 0.999953 -0.00925702 -0.767986 -0.389189 0.00746363 0.921128 35.5845
0.910589 0.00873632 0.413221 4.69317 -0.00365028 0.999908 -0.0130962 -0.791466 -0.413297 0.0104168 0.910537 36.6615
0.897534 0.0118204 0.440788 5.17916 -0.00464434 0.999839 -0.0173554 -0.811722 -0.440922 0.0135299 0.897444 37.7469
0.883546 0.013563 0.468149 5.69779 -0.00488846 0.999793 -0.0197395 -0.871225 -0.46832 0.0151522 0.883429 38.7985
0.868114 0.0149231 0.496141 6.25513 -0.00429416 0.999736 -0.0225567 -0.904564 -0.496347 0.0174513 0.867949 39.8416
0.851864 0.0186734 0.52343 6.84586 -0.00606339 0.999649 -0.0257946 -0.916258 -0.523728 0.0187997 0.851678 40.918
0.832571 0.0217527 0.553491 7.4415 -0.00598512 0.999524 -0.0302792 -0.953073 -0.553886 0.0218969 0.832305 42.0217
0.81565 0.0247898 0.578014 8.07478 -0.00579714 0.999382 -0.0346808 -0.998973 -0.578516 0.0249366 0.81529 42.9925
0.799045 0.0302674 0.600509 8.81309 -0.00822908 0.999189 -0.0394122 -1.04497 -0.601215 0.0265505 0.798646 43.9452
0.783407 0.0326801 0.620649 9.604 -0.00837073 0.999081 -0.0420405 -1.12774 -0.621452 0.0277396 0.782961 44.8229
0.76448 0.0359279 0.643645 10.3343 -0.00829934 0.998912 -0.0459012 -1.18614 -0.644594 0.0297487 0.763946 45.7186
0.746623 0.0401828 0.664033 11.1667 -0.00883893 0.998685 -0.0504955 -1.23068 -0.665189 0.0318317 0.745996 46.6084
0.727262 0.0395918 0.685217 11.9904 -0.0060653 0.998667 -0.0512654 -1.33101 -0.686333 0.0331273 0.726532 47.4661
0.706345 0.0436521 0.706521 12.8195 -0.00588058 0.998424 -0.0558081 -1.40285 -0.707844 0.035265 0.705488 48.2905
0.685658 0.0475694 0.726368 13.6673 -0.00417943 0.998103 -0.06142 -1.4581 -0.727912 0.0390773 0.684556 49.0812
0.66471 0.0510471 0.745355 14.547 -0.00331913 0.997855 -0.0653801 -1.52484 -0.747094 0.0409848 0.663454 49.8361
0.642418 0.0537837 0.764464 15.4534 -0.00255862 0.997679 -0.0680413 -1.60088 -0.76635 0.041755 0.641065 50.6113
0.618489 0.0587653 0.783593 16.3749 -0.00471752 0.997459 -0.0710806 -1.67437 -0.785779 0.0402659 0.617195 51.3613
0.59538 0.062153 0.801036 17.3434 -0.00332554 0.997185 -0.0749006 -1.74111 -0.803437 0.0419305 0.593911 52.0547
0.571552 0.0640313 0.818064 18.3247 -0.000539313 0.99698 -0.0776586 -1.84247 -0.820566 0.0439447 0.56986 52.7416
0.544993 0.0683959 0.835646 19.3234 6.74005e-05 0.996664 -0.0816188 -1.93135 -0.83844 0.044538 0.54317 53.4611
0.518378 0.0723535 0.852085 20.3064 0.00138535 0.996342 -0.0854456 -2.03235 -0.855151 0.0454735 0.516381 54.1246
0.492815 0.0737626 0.867002 21.3527 0.00555483 0.996113 -0.0879045 -2.12072 -0.870117 0.0481367 0.49049 54.7577
0.467534 0.0784596 0.880486 22.4089 0.0058572 0.995756 -0.0918414 -2.23263 -0.883955 0.0480962 0.465091 55.3573
0.442236 0.0800616 0.893318 23.4532 0.00745556 0.995645 -0.0929233 -2.34535 -0.896868 0.0477542 0.439713 55.8889
0.416512 0.0810149 0.905513 24.5605 0.00868166 0.995622 -0.09307 -2.4554 -0.909089 0.0466261 0.413985 56.4439
0.389302 0.083564 0.917312 25.6296 0.00852364 0.995507 -0.0943047 -2.56718 -0.921071 0.0445318 0.38684 56.9579
0.36145 0.0893917 0.928097 26.7026 0.00856054 0.995033 -0.0991728 -2.65609 -0.932352 0.043791 0.358889 57.4584
0.336385 0.0926619 0.937155 27.7891 0.011869 0.994651 -0.102607 -2.76153 -0.94165 0.0456386 0.333486 57.866
0.311553 0.0951253 0.945456 28.8897 0.0150202 0.994359 -0.104995 -2.87447 -0.95011 0.0469125 0.308366 58.2942
0.290812 0.0957347 0.951979 30.037 0.0189904 0.994208 -0.105783 -3.03102 -0.956592 0.0488413 0.287309 58.6304
0.269867 0.0991686 0.957777 31.1688 0.0230243 0.993733 -0.109379 -3.16329 -0.962622 0.05157 0.265893 58.9765
0.253276 0.104893 0.961691 32.3588 0.0269638 0.992953 -0.115404 -3.28473 -0.967018 0.0551599 0.248662 59.2908
0.237834 0.109274 0.96514 33.5215 0.0299342 0.992355 -0.119732 -3.42728 -0.970845 0.057367 0.232744 59.57
0.223151 0.105838 0.969021 34.6756 0.0335444 0.992666 -0.116145 -3.69275 -0.974207 0.0584231 0.217964 59.8679
0.213609 0.108568 0.970868 35.9265 0.0342039 0.992365 -0.118497 -3.83327 -0.97632 0.0585196 0.208265 60.1089
0.203645 0.109379 0.972916 37.1369 0.0364817 0.992202 -0.119184 -3.96939 -0.978365 0.0597648 0.198067 60.3693
0.196146 0.110346 0.974346 38.436 0.0370788 0.992103 -0.119822 -4.13267 -0.979873 0.05963 0.190505 60.5957
0.189648 0.108665 0.97582 39.6677 0.0413396 0.992092 -0.118512 -4.30114 -0.980981 0.0628155 0.183656 60.8268
0.181997 0.106972 0.977463 40.992 0.0446173 0.992143 -0.116885 -4.47776 -0.982286 0.0648845 0.175794 61.0885
0.176634 0.105757 0.978579 42.2611 0.0484989 0.992068 -0.115969 -4.66752 -0.983081 0.0679439 0.170104 61.2737
0.171405 0.103737 0.979724 43.5629 0.049731 0.992262 -0.113766 -4.84621 -0.983945 0.0682226 0.16492 61.4632
0.165646 0.105106 0.980568 44.864 0.0529584 0.991922 -0.115269 -4.9543 -0.984762 0.0710231 0.158742 61.7196
0.158412 0.103451 0.981939 46.1945 0.0537617 0.992117 -0.113197 -5.1313 -0.985908 0.0707225 0.151602 61.9543
0.15485 0.106147 0.982219 47.5365 0.0505472 0.992058 -0.115179 -5.31148 -0.986644 0.0674838 0.148255 62.1064
0.14578 0.112545 0.982895 48.9144 0.0452878 0.991708 -0.120271 -5.44359 -0.98828 0.0620463 0.139474 62.3884
0.136183 0.113906 0.984114 50.3229 0.0429241 0.991757 -0.12073 -5.60721 -0.989753 0.0586836 0.130171 62.6364
0.128413 0.113875 0.985161 51.7049 0.0410841 0.991922 -0.120012 -5.75937 -0.990869 0.0558855 0.122697 62.8645
0.118472 0.110919 0.986743 53.0663 0.0414416 0.992323 -0.116522 -5.96495 -0.992092 0.0546967 0.112965 63.1154
0.114647 0.111665 0.98711 54.5175 0.0426504 0.992193 -0.117193 -6.11817 -0.99249 0.0555365 0.108989 63.2442
0.110402 0.109914 0.987791 55.9595 0.0433441 0.992388 -0.11527 -6.34671 -0.992941 0.055541 0.104797 63.3676
0.104993 0.110059 0.988364 57.4033 0.0440657 0.992366 -0.115185 -6.5174 -0.993496 0.0556466 0.0993418 63.5429
0.104008 0.107811 0.988716 58.8567 0.0459537 0.992525 -0.11306 -6.69761 -0.993514 0.0571943 0.0982765 63.6653
0.100923 0.106836 0.989141 60.3848 0.0489881 0.992478 -0.112195 -6.85407 -0.993687 0.0597792 0.0949305 63.8599
0.1037 0.105112 0.989039 61.8936 0.0472247 0.992758 -0.110459 -7.05653 -0.993487 0.0581617 0.0979854 63.9179
0.101887 0.10687 0.989039 63.3587 0.0464136 0.992619 -0.112038 -7.21754 -0.993713 0.0573201 0.0961749 64.0768
0.100368 0.108468 0.98902 64.829 0.0441031 0.992578 -0.113334 -7.40278 -0.993972 0.054994 0.0948395 64.2026
0.103532 0.108377 0.988704 66.3026 0.043234 0.992616 -0.113333 -7.60158 -0.993686 0.0544793 0.0980816 64.2521
0.102308 0.108813 0.988783 67.8136 0.0412666 0.992679 -0.113512 -7.77936 -0.993896 0.0524169 0.0970691 64.4253
0.101603 0.109204 0.988813 69.3157 0.0414944 0.992627 -0.113888 -7.93988 -0.993959 0.0526016 0.0963225 64.5749
0.100973 0.108252 0.988982 70.7997 0.0416222 0.992733 -0.112912 -8.12648 -0.994018 0.0525648 0.095734 64.7203
0.100846 0.107998 0.989023 72.3097 0.0419597 0.992745 -0.112682 -8.3086 -0.994017 0.0528626 0.0955829 64.867
0.101152 0.105783 0.989231 73.8127 0.0435158 0.992909 -0.110626 -8.53419 -0.993919 0.0542372 0.095831 64.9935
0.101818 0.105012 0.989245 75.3245 0.0440183 0.992963 -0.109937 -8.71051 -0.993829 0.0547385 0.0964792 65.1111
0.101144 0.106996 0.989102 76.8481 0.0456104 0.992656 -0.112044 -8.84358 -0.993826 0.0564459 0.0955212 65.2769
0.103073 0.103143 0.989312 78.3883 0.0458767 0.993058 -0.108314 -9.09628 -0.993615 0.0565505 0.0976257 65.3892
0.105527 0.0989676 0.989479 79.898 0.0462541 0.99347 -0.1043 -9.35272 -0.99334 0.0567739 0.10026 65.484
0.10601 0.0979924 0.989525 81.4158 0.0436926 0.993712 -0.103088 -9.5767 -0.993405 0.0541633 0.101062 65.6099
0.107022 0.0966103 0.989552 82.9542 0.0430988 0.993882 -0.101694 -9.79391 -0.993322 0.0535321 0.102204 65.7437
0.103117 0.0981044 0.989819 84.436 0.0423624 0.993788 -0.102911 -9.96395 -0.993767 0.052543 0.0983207 65.9908
0.100983 0.0975343 0.990096 85.9832 0.0427563 0.993838 -0.102264 -10.1672 -0.993969 0.0526597 0.0961901 66.1859
0.102642 0.0980954 0.98987 87.5523 0.0397903 0.993924 -0.102623 -10.3234 -0.993922 0.0499207 0.0981149 66.3128
0.102314 0.0988045 0.989833 89.1267 0.0371768 0.99398 -0.103061 -10.471 -0.994057 0.0473434 0.0980251 66.4967
0.103793 0.0989121 0.989668 90.7052 0.0348752 0.994069 -0.103009 -10.648 -0.993987 0.0452066 0.0997276 66.6415
0.103025 0.100249 0.989614 92.243 0.0324531 0.99404 -0.104076 -10.8231 -0.994149 0.0428385 0.0991576 66.8063
0.103234 0.101317 0.989483 93.79 0.0302308 0.994019 -0.104935 -11.0061 -0.994198 0.0407458 0.099554 66.9586
0.100149 0.10052 0.989882 95.2608 0.0262886 0.994269 -0.103626 -11.2051 -0.994625 0.0364006 0.0969324 67.1338
0.0979882 0.10259 0.989886 96.771 0.0228147 0.994179 -0.105293 -11.3567 -0.994926 0.0329014 0.0950773 67.292
0.0971673 0.104787 0.989736 98.2652 0.0220223 0.993972 -0.107397 -11.5041 -0.995024 0.0322318 0.0942739 67.4692
0.0952053 0.107646 0.98962 99.7986 0.022409 0.993652 -0.11024 -11.6509 -0.995205 0.0326719 0.0921887 67.6561
0.0959587 0.108478 0.989457 101.393 0.0244984 0.993485 -0.111295 -11.8158 -0.995084 0.0349199 0.092676 67.8156
0.0936879 0.109024 0.989614 102.907 0.0243277 0.993439 -0.111749 -11.9817 -0.995304 0.0345445 0.0904209 67.9657
0.0896073 0.113255 0.989517 104.481 0.0241153 0.992976 -0.115835 -12.0929 -0.995685 0.0342422 0.0862467 68.1377
0.0864083 0.1154 0.989554 106.066 0.0245422 0.992721 -0.117912 -12.2709 -0.995957 0.0344744 0.0829472 68.2982
0.0874666 0.120052 0.988907 107.681 0.0238651 0.992174 -0.12256 -12.4197 -0.995882 0.0343202 0.083917 68.3583
0.085058 0.118505 0.989304 109.195 0.0217707 0.992444 -0.120753 -12.6792 -0.996138 0.0318088 0.0818353 68.4745
0.0805904 0.117294 0.989822 110.727 0.022009 0.9926 -0.119415 -12.8719 -0.996504 0.0314086 0.0774126 68.6356
0.079191 0.116969 0.989973 112.306 0.021503 0.992661 -0.119006 -13.0794 -0.996628 0.0307116 0.0760947 68.76
0.0765586 0.121681 0.989612 113.913 0.0226242 0.992058 -0.123732 -13.2118 -0.996808 0.0318619 0.0731976 68.9268
0.0742425 0.12407 0.989492 115.506 0.023964 0.991722 -0.126147 -13.3868 -0.996952 0.0330776 0.0706547 69.0834
0.07156 0.125858 0.989464 117.092 0.0237593 0.991511 -0.127837 -13.5855 -0.997153 0.0326569 0.0679622 69.2262
0.0727659 0.127068 0.989221 118.698 0.0235807 0.991354 -0.129077 -13.7767 -0.99707 0.0327189 0.0691405 69.3098
0.0725119 0.127334 0.989206 120.298 0.022631 0.991351 -0.129269 -13.9878 -0.997111 0.0317603 0.0690031 69.4068
0.0731475 0.125817 0.989353 121.913 0.0219063 0.991569 -0.127718 -14.232 -0.997081 0.0310154 0.0697745 69.5009
0.0716092 0.126161 0.989422 123.467 0.0212832 0.991549 -0.127972 -14.4482 -0.997206 0.030222 0.068319 69.6385
0.07569 0.126294 0.989101 125.08 0.021127 0.991521 -0.12822 -14.6988 -0.996908 0.0306017 0.07238 69.6708
0.0540307 0.124817 0.990707 126.468 0.0274421 0.991596 -0.126426 -14.9409 -0.998162 0.034018 0.0501514 70.2999
0.0840931 0.11704 0.989561 128.137 0.020892 0.992653 -0.119181 -15.3281 -0.996239 0.0306962 0.08103 69.663
0.0815297 0.11943 0.989489 129.736 0.020813 0.992374 -0.121493 -15.4822 -0.996454 0.0304995 0.0784223 69.8527
0.0854651 0.115874 0.98958 131.265 0.0182509 0.992865 -0.117835 -15.7638 -0.996174 0.0281316 0.0827405 69.8037
0.0855156 0.115626 0.989605 132.888 0.0168782 0.992933 -0.117473 -15.9737 -0.996194 0.0267486 0.0829597 69.9382
0.0846018 0.113883 0.989885 134.5 0.0157111 0.993171 -0.115604 -16.1999 -0.996291 0.0253325 0.0822349 70.0823
0.0864017 0.110213 0.990145 136.071 0.016246 0.993574 -0.112013 -16.4569 -0.996128 0.025764 0.084056 70.1722
0.0873384 0.108673 0.990233 137.614 0.013842 0.993804 -0.110286 -16.6915 -0.996083 0.023339 0.085293 70.2752
0.0827731 0.108913 0.990599 139.129 0.0139188 0.993787 -0.110426 -16.8625 -0.996471 0.0229283 0.0807429 70.5491
0.0818482 0.112534 0.990271 140.693 0.0169563 0.993304 -0.11428 -16.9617 -0.996501 0.026145 0.079392 70.7595
0.0840361 0.113489 0.989979 142.256 0.0168711 0.993189 -0.11529 -17.1518 -0.99632 0.0263905 0.081549 70.8962
0.085677 0.115719 0.98958 143.787 0.0182403 0.992883 -0.117685 -17.3161 -0.996156 0.0281331 0.0829565 71.0493
0.0854482 0.114326 0.989762 145.324 0.0176344 0.993066 -0.11623 -17.5746 -0.996187 0.0273855 0.0828396 71.2262
0.0831931 0.119639 0.989326 146.948 0.0199702 0.992368 -0.121687 -17.6803 -0.996333 0.0298805 0.080169 71.4481
0.0824119 0.120597 0.989275 148.552 0.0194093 0.992269 -0.122579 -17.8534 -0.996409 0.0293032 0.0794341 71.633
0.0805471 0.12109 0.989368 150.14 0.0178105 0.99226 -0.122894 -18.0428 -0.996592 0.0275198 0.0777671 71.7859
0.0787057 0.120191 0.989626 151.672 0.0181447 0.992368 -0.121967 -18.2566 -0.996733 0.027556 0.0759242 71.9129
0.0751244 0.121882 0.989697 153.219 0.0182756 0.992167 -0.123574 -18.4269 -0.997007 0.0273707 0.0723085 72.0674
0.0719782 0.122542 0.98985 154.755 0.0177031 0.992111 -0.12411 -18.6199 -0.997249 0.0264566 0.069241 72.1697
0.0650866 0.121586 0.990445 156.242 0.016034 0.992294 -0.122867 -18.849 -0.997751 0.0238778 0.0626355 72.2789
0.0570028 0.122587 0.990819 157.716 0.0149747 0.992216 -0.123621 -19.0447 -0.998262 0.021884 0.0547234 72.3514
0.04556 0.123411 0.991309 159.206 0.0133695 0.992176 -0.124133 -19.2408 -0.998872 0.0189088 0.0435536 72.4645
0.0311029 0.127723 0.991322 160.764 0.0123885 0.991676 -0.128158 -19.3835 -0.999439 0.0162671 0.0292617 72.5712
0.0135119 0.125569 0.991993 162.214 0.0127469 0.991981 -0.125742 -19.6093 -0.999827 0.0143439 0.0118029 72.6458
0.00130444 0.125913 0.99204 163.727 0.0108105 0.991982 -0.125919 -19.8468 -0.999941 0.0108887 -6.71913e-05 72.5715
-0.0176986 0.12269 0.992287 165.157 0.011695 0.9924 -0.122496 -20.1141 -0.999775 0.00943678 -0.0189989 72.6115
-0.0317559 0.120954 0.99215 166.613 0.0109333 0.992633 -0.120663 -20.3878 -0.999436 0.00701571 -0.0328444 72.5165
-0.0481561 0.117966 0.991849 167.975 0.0106799 0.993005 -0.117585 -20.638 -0.998783 0.00493042 -0.0490791 72.3929
-0.0638308 0.11536 0.991271 169.382 0.00922792 0.993322 -0.115004 -20.8863 -0.997918 0.00180654 -0.0644691 72.2263
-0.0808286 0.113141 0.990286 170.74 0.00787384 0.993578 -0.112874 -21.1305 -0.996697 -0.0013261 -0.0812003 72.0305
-0.0987564 0.110748 0.98893 172.174 0.00797565 0.993844 -0.110502 -21.3389 -0.99508 -0.00302542 -0.0990318 71.8681
-0.115682 0.111097 0.987054 173.544 0.00950595 0.993804 -0.110742 -21.4746 -0.993241 -0.00342805 -0.116021 71.6297
-0.136707 0.112567 0.984195 174.884 0.0131345 0.993641 -0.111823 -21.6382 -0.990524 -0.00236016 -0.137317 71.4532
-0.142717 0.104635 0.984217 176.226 0.0138239 0.99451 -0.103725 -21.9999 -0.989667 -0.00119758 -0.14338 70.8627
-0.163535 0.106614 0.98076 177.508 0.0162023 0.9943 -0.105384 -22.1771 -0.986405 -0.00134332 -0.16433 70.6522
-0.188083 0.109345 0.976047 178.857 0.0189731 0.994002 -0.1077 -22.3111 -0.98197 -0.00173796 -0.18903 70.4651
-0.215179 0.107952 0.97059 179.935 0.0171351 0.994136 -0.106772 -22.5059 -0.976424 -0.00634388 -0.215767 70.2194
-0.24403 0.110964 0.963398 181.223 0.0180161 0.993779 -0.1099 -22.5932 -0.9696 -0.00946221 -0.244511 69.9903
-0.267326 0.113683 0.956877 182.634 0.0187429 0.993442 -0.112791 -22.7021 -0.963424 -0.0122173 -0.267704 69.627
-0.295274 0.114821 0.948488 183.823 0.0211343 0.993294 -0.113666 -22.8311 -0.955179 -0.0135169 -0.295721 69.2769
-0.32142 0.115396 0.939879 185.027 0.0236148 0.993215 -0.113869 -22.9839 -0.946642 -0.0144046 -0.321964 68.8466
-0.348542 0.11763 0.929882 186.263 0.026619 0.992936 -0.115629 -23.1266 -0.936915 -0.0155491 -0.349211 68.3755
-0.374931 0.119452 0.919325 187.456 0.0301013 0.99271 -0.116711 -23.2765 -0.926564 -0.0160856 -0.375793 67.863
-0.404351 0.121635 0.90648 188.64 0.0338205 0.992428 -0.118082 -23.4367 -0.913978 -0.017089 -0.405403 67.3866
-0.431629 0.125251 0.893313 189.799 0.0384555 0.991968 -0.120503 -23.601 -0.901231 -0.0176596 -0.432978 66.788
-0.458465 0.125648 0.879785 190.901 0.0402492 0.991875 -0.120682 -23.7966 -0.887801 -0.0199178 -0.459797 66.1824
-0.49287 0.131045 0.860178 192.16 0.0446246 0.991099 -0.125422 -23.9232 -0.868958 -0.0234315 -0.494331 65.6751
-0.521058 0.132548 0.843166 193.251 0.04743 0.990838 -0.126452 -24.0901 -0.852202 -0.0258975 -0.522571 65.054
-0.555335 0.135091 0.820581 194.423 0.0528973 0.990458 -0.127259 -24.2482 -0.829943 -0.0272647 -0.557182 64.5176
-0.580956 0.134847 0.802687 195.435 0.055103 0.990434 -0.126506 -24.4255 -0.812068 -0.0292641 -0.582829 63.7843
-0.607059 0.135098 0.783088 196.421 0.0567745 0.990298 -0.126834 -24.5999 -0.792626 -0.032536 -0.60884 63.052
-0.636829 0.135358 0.75903 197.415 0.0615586 0.990252 -0.124944 -24.8173 -0.768543 -0.0328432 -0.638954 62.3838
-0.66248 0.13545 0.736732 198.351 0.064096 0.990159 -0.124407 -25.0074 -0.746332 -0.0351955 -0.664642 61.6002
-0.680932 0.138504 0.71913 199.15 0.0676588 0.989651 -0.126542 -25.1268 -0.729214 -0.037511 -0.683257 60.6891
-0.699944 0.14217 0.699904 199.991 0.0716151 0.989019 -0.129278 -25.2437 -0.710598 -0.0403637 -0.70244 59.7629
-0.720884 0.143121 0.678117 200.823 0.0770055 0.988927 -0.126857 -25.4287 -0.688765 -0.0392307 -0.723923 58.8828
-0.739828 0.143058 0.657411 201.595 0.0799589 0.988903 -0.125211 -25.5906 -0.668028 -0.0400686 -0.743057 57.9519
-0.758214 0.1448 0.635723 202.4 0.0851805 0.98867 -0.123598 -25.7344 -0.646417 -0.0395629 -0.761958 56.9844
-0.778823 0.143547 0.610598 203.225 0.0876837 0.988818 -0.120622 -25.9176 -0.621085 -0.0404036 -0.782701 56.0579
-0.796806 0.144802 0.586628 203.956 0.0903494 0.988498 -0.12128 -26.0711 -0.597442 -0.0436349 -0.800724 55.1287
-0.815636 0.145693 0.559921 204.72 0.0916213 0.988089 -0.123638 -26.1932 -0.571265 -0.0495431 -0.819269 54.1092
-0.831483 0.144489 0.536431 205.376 0.0954456 0.988383 -0.11828 -26.4085 -0.547289 -0.0471479 -0.835614 53.1164
-0.846534 0.143081 0.512745 205.989 0.0960974 0.988451 -0.117171 -26.5333 -0.523589 -0.0499156 -0.850508 52.0363
-0.860867 0.142234 0.488546 206.575 0.0985287 0.988561 -0.11419 -26.6912 -0.499199 -0.0501667 -0.865034 50.9652
-0.874107 0.140344 0.465018 207.137 0.100251 0.988863 -0.109997 -26.8527 -0.475276 -0.0495307 -0.878441 49.8683
-0.886803 0.138391 0.440941 207.649 0.100517 0.989029 -0.108253 -26.9895 -0.451084 -0.0516768 -0.890984 48.7596
-0.898485 0.137698 0.416851 208.148 0.10091 0.988889 -0.109156 -27.0889 -0.42725 -0.0560106 -0.902397 47.6183
-0.910871 0.138322 0.38882 208.653 0.102186 0.988413 -0.112238 -27.1937 -0.39984 -0.0625018 -0.914452 46.4835
-0.922448 0.13567 0.361501 209.113 0.102283 0.98865 -0.11004 -27.3519 -0.372327 -0.0645305 -0.925855 45.3465
-0.930452 0.13437 0.340887 209.448 0.103217 0.988776 -0.108024 -27.5086 -0.351576 -0.0653255 -0.933877 44.235
-0.936768 0.132169 0.324031 209.685 0.104581 0.989353 -0.101207 -27.6876 -0.333958 -0.0609201 -0.940617 43.0762
-0.940947 0.130393 0.312436 209.9 0.106844 0.990064 -0.091418 -27.9061 -0.321252 -0.0526375 -0.94553 41.936
-0.950636 0.127255 0.283015 210.296 0.106117 0.990374 -0.0888687 -28.0215 -0.2916 -0.0544491 -0.95499 40.7078
-0.957854 0.127544 0.257387 210.565 0.108521 0.990292 -0.0868646 -28.1728 -0.265967 -0.0552717 -0.962396 39.549
-0.966152 0.126322 0.22493 210.912 0.108874 0.990117 -0.0884027 -28.239 -0.233874 -0.0609214 -0.970356 38.3448
-0.972624 0.120953 0.198428 211.141 0.105656 0.990678 -0.0859874 -28.3489 -0.206979 -0.0626682 -0.976336 37.08
-0.978956 0.11534 0.16835 211.394 0.102424 0.991229 -0.0835178 -28.4225 -0.176506 -0.0645173 -0.982183 35.8023
-0.983928 0.113173 0.138123 211.58 0.102182 0.991192 -0.0842487 -28.46 -0.146441 -0.068781 -0.986825 34.4396
-0.987012 0.105335 0.121292 211.416 0.096276 0.992271 -0.0782846 -28.5655 -0.128601 -0.0655903 -0.989525 33.1806
-0.985398 0.11685 0.123839 210.976 0.10719 0.990851 -0.0820064 -28.6559 -0.132288 -0.0675347 -0.988908 32.3284
-0.982034 0.138232 0.128458 210.491 0.127252 0.987769 -0.0901063 -28.7778 -0.139343 -0.0721408 -0.987613 31.3169
-0.978846 0.152543 0.136352 209.966 0.141763 0.986192 -0.0856082 -29.0213 -0.147528 -0.0644675 -0.986955 30.3335
-0.978391 0.15419 0.137757 209.549 0.144399 0.986401 -0.0785027 -29.173 -0.147988 -0.0569143 -0.98735 29.2708
-0.976366 0.159119 0.146255 209.064 0.14958 0.985967 -0.074123 -29.3043 -0.155997 -0.0504943 -0.986466 28.2586
-0.982572 0.156154 0.100842 209.42 0.148521 0.985728 -0.0792638 -29.2719 -0.11178 -0.0629053 -0.99174 26.8511
-0.986257 0.151229 0.0665415 209.545 0.145405 0.985708 -0.0850735 -29.2044 -0.0784561 -0.0742288 -0.99415 25.5593
-0.984238 0.172574 0.0386555 209.608 0.168345 0.981218 -0.0941819 -29.3105 -0.0541828 -0.0861899 -0.994804 24.3501
-0.983901 0.177911 -0.0169078 209.947 0.178709 0.98009 -0.0865231 -29.4878 0.00117776 -0.0881518 -0.996106 23.043
-0.954257 0.292804 -0.0604843 210.242 0.283249 0.950106 0.130649 -32.4792 0.0957212 0.107541 -0.989582 21.9747
-0.960079 0.2657 -0.0874729 210.334 0.250478 0.955789 0.154039 -32.3325 0.124534 0.12598 -0.984185 21.0381
-0.961051 0.249319 -0.119252 210.18 0.228464 0.959498 0.164827 -32.0871 0.155517 0.131162 -0.979087 19.7669
-0.953591 0.262878 -0.146833 210.083 0.238652 0.957194 0.163783 -32.0329 0.183602 0.12114 -0.975508 18.899
-0.949279 0.257829 -0.179983 209.864 0.226992 0.958016 0.175158 -31.8226 0.217588 0.125419 -0.967949 17.5697
-0.943789 0.252902 -0.212847 209.675 0.214642 0.95858 0.187224 -31.6667 0.25138 0.131014 -0.95898 16.346
-0.938 0.247446 -0.242746 209.409 0.201788 0.959199 0.19804 -31.4667 0.281846 0.136778 -0.94966 15.1379
-0.930205 0.247649 -0.270903 209.048 0.19684 0.95955 0.20129 -31.2006 0.309794 0.133917 -0.941326 13.9261
-0.920946 0.249171 -0.299619 208.715 0.191375 0.958952 0.209255 -30.9999 0.33946 0.135373 -0.930828 12.7202
-0.912488 0.295361 -0.283067 209.92 0.238898 0.946397 0.217394 -32.2419 0.332103 0.130746 -0.934138 14.7564
-0.903256 0.299699 -0.307097 209.988 0.232321 0.943267 0.237223 -32.4236 0.36077 0.142928 -0.921638 13.9151
-0.895116 0.294206 -0.334977 209.51 0.217564 0.944068 0.247793 -32.0424 0.389143 0.148925 -0.909059 12.5422
-0.884486 0.293783 -0.362458 209.229 0.206972 0.943301 0.259511 -31.8295 0.418147 0.154515 -0.895141 11.3745
-0.874595 0.297757 -0.382655 208.635 0.206581 0.942839 0.261495 -31.4334 0.438644 0.149653 -0.886113 10.159
-0.863203 0.297814 -0.407661 208.112 0.197189 0.942224 0.270797 -31.08 0.464755 0.153366 -0.872056 8.92331
-0.854928 0.294513 -0.427036 207.504 0.185689 0.942405 0.278197 -30.6927 0.484373 0.158542 -0.860376 7.758
-0.844784 0.29004 -0.449685 206.906 0.175636 0.944099 0.278978 -30.3203 0.505462 0.156695 -0.848502 6.62072
-0.833684 0.288219 -0.471063 206.338 0.170408 0.945638 0.277 -30.0021 0.525292 0.150658 -0.837479 5.54743
-0.822557 0.284309 -0.492513 205.671 0.164116 0.947887 0.273085 -29.5744 0.544487 0.143799 -0.826351 4.37657
-0.809588 0.302227 -0.503216 205.28 0.184961 0.944942 0.269953 -29.558 0.557097 0.125475 -0.820913 3.58411
-0.80071 0.299164 -0.519003 204.521 0.1761 0.945642 0.273404 -29.1791 0.572584 0.12752 -0.809868 2.44627
-0.790098 0.298419 -0.535435 203.865 0.170299 0.945971 0.27593 -28.8782 0.588849 0.126827 -0.79823 1.36207
-0.779671 0.293521 -0.553134 202.98 0.158462 0.947067 0.279202 -28.4386 0.605807 0.130035 -0.784913 0.17232
-0.766898 0.290721 -0.572144 202.102 0.146701 0.947319 0.28472 -27.9905 0.624777 0.134417 -0.769146 -1.03757
-0.754533 0.28775 -0.589814 201.363 0.129121 0.946272 0.296473 -27.6386 0.643435 0.147542 -0.751148 -2.21187
-0.743782 0.284437 -0.604883 200.436 0.115305 0.945974 0.303048 -27.1782 0.658402 0.155656 -0.736395 -3.35924
-0.731438 0.283589 -0.620142 199.482 0.108641 0.946269 0.304586 -26.7156 0.673198 0.155413 -0.722946 -4.50918
-0.719589 0.280608 -0.635177 198.529 0.0970286 0.946372 0.308165 -26.2282 0.687587 0.160122 -0.708226 -5.67418
-0.710633 0.279063 -0.645852 197.521 0.0921388 0.946981 0.307796 -25.7209 0.697504 0.159222 -0.698668 -6.73898
-0.706434 0.275105 -0.652126 196.359 0.0852997 0.947746 0.307411 -25.1549 0.70262 0.161539 -0.692986 -7.77145
-0.697871 0.275159 -0.661259 195.31 0.0812858 0.947721 0.308574 -24.6529 0.711596 0.161594 -0.683754 -8.879
-0.688592 0.275887 -0.670617 194.22 0.0770558 0.947401 0.310633 -24.1394 0.721043 0.162225 -0.673632 -10.0065
-0.680965 0.270152 -0.680664 193.118 0.0688485 0.948969 0.307762 -23.5318 0.729072 0.162713 -0.664815 -11.1017
-0.673794 0.273212 -0.686554 191.864 0.0684997 0.948227 0.310117 -22.9987 0.735737 0.161926 -0.657625 -12.1961
-0.653948 0.270856 -0.706392 191.327 0.0556432 0.948405 0.31214 -22.6614 0.75449 0.164817 -0.635279 -13.4029
-0.647412 0.270972 -0.712342 190.099 0.0543593 0.948698 0.311477 -22.1215 0.760199 0.162931 -0.628928 -14.4798
-0.64082 0.269618 -0.718788 188.811 0.0517919 0.949349 0.309927 -21.5114 0.765942 0.16138 -0.622325 -15.6123
-0.637547 0.268914 -0.721955 187.454 0.0527834 0.950148 0.307299 -20.8986 0.768601 0.15781 -0.619958 -16.6963
-0.631818 0.270242 -0.726481 186.179 0.052147 0.94995 0.308018 -20.3731 0.773361 0.156727 -0.614288 -17.8338
-0.627298 0.273643 -0.729121 184.895 0.0521507 0.948894 0.311257 -19.8574 0.777031 0.157227 -0.60951 -18.9635
-0.62186 0.2767 -0.732617 183.596 0.0544847 0.94852 0.311996 -19.3239 0.781231 0.154102 -0.604923 -20.1093
-0.619615 0.277841 -0.734085 182.267 0.0517409 0.947677 0.31501 -18.7977 0.783199 0.157203 -0.601571 -21.2525
-0.615536 0.282838 -0.735608 180.796 0.0550538 0.946534 0.317871 -18.2028 0.786184 0.155163 -0.598197 -22.4295
-0.615337 0.282377 -0.735951 179.46 0.0538545 0.946513 0.318139 -17.6467 0.786422 0.156128 -0.597632 -23.5221
-0.616403 0.282638 -0.734958 177.996 0.0538835 0.946314 0.318726 -17.0435 0.785585 0.156861 -0.59854 -24.5991
-0.615649 0.281135 -0.736165 176.654 0.04965 0.946178 0.319816 -16.4292 0.786455 0.160344 -0.596472 -25.7347
-0.617102 0.278525 -0.735941 174.934 0.0540606 0.948057 0.313472 -15.6317 0.785024 0.153659 -0.600105 -26.9059
-0.612483 0.274525 -0.741283 173.348 0.035473 0.946359 0.321163 -14.9249 0.789687 0.170412 -0.589367 -28.2984
-0.611668 0.268531 -0.744146 171.856 0.0294319 0.947703 0.317794 -14.2078 0.790567 0.172483 -0.587583 -29.4717
-0.608529 0.266291 -0.747517 170.489 0.0260232 0.948203 0.316597 -13.6186 0.793105 0.173206 -0.583939 -30.6436
-0.608999 0.263348 -0.748176 168.913 0.025328 0.949248 0.313506 -12.9432 0.792766 0.171975 -0.584762 -31.8044
-0.610778 0.260697 -0.747654 167.246 0.022888 0.949663 0.312437 -12.2622 0.791471 0.173718 -0.586 -32.9443
-0.608697 0.261152 -0.749192 165.815 0.0201454 0.949059 0.314454 -11.6717 0.793147 0.176314 -0.58295 -34.1577
-0.606536 0.262887 -0.750336 164.335 0.0207053 0.948655 0.315633 -11.0183 0.794787 0.175907 -0.580836 -35.3677
-0.606034 0.265102 -0.749962 162.769 0.0228659 0.948245 0.316715 -10.3946 0.79511 0.174791 -0.580731 -36.5576
-0.620386 0.255071 -0.74166 160.933 0.0150492 0.949335 0.313906 -9.55382 0.784152 0.183581 -0.592793 -37.5279
-0.627735 0.247508 -0.73803 159.219 0.0135135 0.951427 0.307579 -8.799 0.77831 0.183105 -0.600589 -38.666
-0.628135 0.24927 -0.737097 157.587 0.0157352 0.951173 0.308257 -8.18787 0.777945 0.182028 -0.601387 -39.9391
-0.625263 0.242551 -0.741765 156.216 0.0098533 0.952854 0.30327 -7.45905 0.780352 0.182314 -0.598174 -41.2569
-0.629665 0.238405 -0.739381 154.495 0.00984881 0.954121 0.299259 -6.76152 0.776804 0.181151 -0.603125 -42.4912
-0.715457 0.178296 -0.675523 152.242 -0.0103211 0.964086 0.26539 -5.56234 0.69858 0.196847 -0.687922 -42.3304
-0.753038 0.200238 -0.626769 150.685 0.0579159 0.969043 0.240003 -5.03398 0.655424 0.144432 -0.741323 -42.5924
-0.74357 0.202146 -0.63737 149.711 0.0569188 0.968883 0.240884 -4.65297 0.666231 0.142836 -0.731939 -43.9173
-0.798465 0.185788 -0.572657 147.17 0.0737185 0.974207 0.213277 -3.73615 0.59751 0.128079 -0.791566 -44.4075
-0.524148 0.288589 -0.80124 146.071 -0.0228721 0.935725 0.351989 -3.66989 0.85132 0.20282 -0.483857 -49.7405
-0.490934 0.339031 -0.802522 145.55 0.0374394 0.928532 0.369361 -3.75343 0.870392 0.151286 -0.468541 -50.0193
-0.499649 0.342282 -0.795735 143.814 0.0394688 0.926662 0.373817 -3.13677 0.865328 0.155371 -0.476515 -50.8265
-0.542349 0.306988 -0.782059 141.801 0.00135302 0.93117 0.364582 -1.85108 0.840152 0.196672 -0.505435 -51.2489
-0.54743 0.311467 -0.776729 140.208 0.00790225 0.930039 0.367375 -1.16749 0.836814 0.194974 -0.511593 -52.2803
-0.591811 0.263753 -0.761705 137.715 -0.0475748 0.931877 0.359642 0.34827 0.804672 0.249078 -0.538947 -52.8458
-0.664678 0.24497 -0.705828 135.629 -0.0600633 0.924141 0.377302 1.07126 0.744712 0.293178 -0.599542 -52.8755
-0.707431 0.271465 -0.65257 132.386 -0.0224604 0.914197 0.404648 1.57698 0.706425 0.300918 -0.640634 -53.7191
-0.712783 0.272716 -0.646193 130.844 -0.0202834 0.912911 0.407654 2.39936 0.701091 0.303676 -0.645176 -55.1052
-0.744243 0.255796 -0.616986 129.03 -0.0143744 0.917408 0.397687 3.47512 0.667755 0.304845 -0.679098 -55.807
-0.801412 0.226389 -0.553612 127.234 -0.00304706 0.924041 0.38228 4.42631 0.598105 0.308051 -0.739848 -55.8989
-0.798734 0.236081 -0.553435 126.192 0.00805558 0.923923 0.382495 5.16325 0.60163 0.301053 -0.73987 -57.6436
-0.796778 0.216298 -0.564234 126.475 -0.0105377 0.928626 0.370868 5.2478 0.604181 0.301445 -0.737629 -57.6165
-0.817027 0.196811 -0.541971 124.932 -0.0166705 0.931487 0.363391 6.23222 0.576359 0.305935 -0.757769 -58.5496
-0.808606 0.237248 -0.538395 124.179 0.0366848 0.933643 0.356321 6.50044 0.587206 0.268372 -0.763653 -59.1168
-0.782215 0.230677 -0.57873 124.377 0.0177017 0.936781 0.349468 6.96034 0.622758 0.263114 -0.736847 -60.3211
-0.799299 0.21748 -0.560199 122.138 0.0245988 0.943275 0.3311 8.33318 0.600429 0.250868 -0.759309 -61.673
-0.795976 0.221516 -0.563341 120.915 0.026782 0.942613 0.332811 9.1366 0.604735 0.249823 -0.75623 -63.5229
-0.795321 0.223194 -0.563604 119.592 0.0280517 0.942304 0.33358 9.90954 0.60554 0.249493 -0.755695 -65.3188
-0.794876 0.219001 -0.565871 119.368 0.02814 0.944895 0.326161 10.1628 0.606119 0.243334 -0.757238 -65.7032
-0.792995 0.224056 -0.566531 119.02 0.0348424 0.945074 0.324994 10.3157 0.608231 0.237979 -0.757246 -66.1784
-0.787535 0.245222 -0.56538 118.534 0.0633765 0.944786 0.321502 10.4678 0.613002 0.217362 -0.759593 -66.6648
-0.786422 0.277314 -0.551939 117.932 0.115457 0.943801 0.309693 10.598 0.606803 0.179824 -0.774244 -66.8927
-0.807233 0.233675 -0.542006 117.45 0.0631219 0.947204 0.314358 11.0885 0.586848 0.219548 -0.779364 -67.3536
-0.78324 0.278196 -0.556006 117.467 0.110788 0.942442 0.315482 10.8758 0.611769 0.1855 -0.768979 -67.8669
-0.779795 0.287566 -0.55608 117.074 0.120709 0.940655 0.31717 11.0176 0.614287 0.180204 -0.768231 -68.3365
-0.771546 0.29067 -0.565887 117.1 0.113851 0.938244 0.326705 10.9808 0.625903 0.187641 -0.756991 -68.8526
-0.780941 0.272465 -0.562045 116.746 0.0939867 0.940855 0.325511 11.3168 0.617493 0.20138 -0.76036 -69.2688
-0.804449 0.221643 -0.551123 116.252 0.0377377 0.944977 0.324954 11.8947 0.592822 0.24061 -0.768549 -69.6418
-0.814613 0.20557 -0.542353 115.749 0.0243643 0.946386 0.322117 12.2615 0.579493 0.249187 -0.775947 -70.0511
-0.826715 0.21171 -0.521268 114.566 0.0468117 0.949171 0.311259 12.8032 0.56067 0.232921 -0.794605 -70.5917
-0.845546 0.179888 -0.502684 114.051 0.0150036 0.949163 0.314426 13.1642 0.533691 0.25832 -0.80526 -70.9317
-0.843261 0.218975 -0.490878 113.915 0.0705552 0.950445 0.302779 13.0572 0.532854 0.220688 -0.816923 -71.0307
-0.860185 0.219318 -0.460415 112.251 0.0882525 0.9532 0.289174 13.8803 0.502289 0.20811 -0.839283 -71.9721
-0.878445 0.219623 -0.424382 110.716 0.106117 0.955605 0.27488 14.6809 0.465912 0.196433 -0.862752 -72.8799
-0.880045 0.226136 -0.417593 109.411 0.115928 0.955042 0.272867 15.3277 0.460524 0.191724 -0.866695 -74.9812
-0.878722 0.227163 -0.419816 108.449 0.116554 0.954989 0.272785 15.9814 0.462886 0.190771 -0.865646 -77.1362
-0.877171 0.227341 -0.42295 107.703 0.115689 0.954931 0.273355 16.5711 0.466032 0.190848 -0.863939 -79.148
-0.876873 0.228022 -0.423201 106.701 0.11833 0.95564 0.269723 17.2765 0.465931 0.186435 -0.864957 -81.2505
-0.85546 0.221394 -0.468158 106.989 0.0978198 0.956817 0.273738 17.6402 0.508546 0.188377 -0.840176 -83.4249
-0.839755 0.230015 -0.491838 106.521 0.0947341 0.954011 0.28441 17.8585 0.534638 0.19224 -0.822925 -85.0504
-0.845075 0.226214 -0.484434 104.953 0.0968401 0.955856 0.277418 18.7705 0.525805 0.187527 -0.829677 -87.4593
-0.843204 0.227783 -0.486951 103.871 0.0977382 0.955657 0.277789 19.3243 0.528634 0.186639 -0.828077 -89.2323
-0.840835 0.221819 -0.493755 102.868 0.0904899 0.956944 0.275807 19.8939 0.533675 0.187229 -0.824704 -91.1036
-0.792415 0.206593 -0.573932 103.115 0.0616389 0.963203 0.261612 20.3485 0.60686 0.171929 -0.77599 -92.5655
-0.770099 0.203695 -0.60453 102.824 0.0494001 0.963847 0.261836 20.6332 0.636009 0.171776 -0.75232 -93.4722
-0.758949 0.190715 -0.622594 102.562 0.0397349 0.967929 0.248062 21.0017 0.649936 0.163528 -0.742187 -94.1024
-0.76668 0.175206 -0.61766 102.163 0.035615 0.972169 0.231558 21.3181 0.64104 0.155533 -0.751583 -94.4108
-0.761256 0.183431 -0.621966 101.976 0.0502116 0.972951 0.225488 21.3259 0.646504 0.140424 -0.749876 -94.8717
-0.758452 0.176829 -0.627282 101.706 0.045166 0.974436 0.22008 21.4832 0.650162 0.138589 -0.747049 -95.3473
-0.756057 0.175044 -0.630664 101.309 0.0445927 0.975111 0.217188 21.622 0.652985 0.136083 -0.745045 -95.8244
-0.754057 0.176903 -0.632537 101.001 0.0458652 0.974877 0.217969 21.7111 0.655206 0.13535 -0.743227 -96.2827
-0.750595 0.185064 -0.634317 100.738 0.0536943 0.973886 0.220597 21.6888 0.658577 0.13152 -0.740931 -96.7271
-0.749805 0.182147 -0.636094 100.459 0.0528222 0.974772 0.216864 21.8075 0.659547 0.129006 -0.74051 -97.1394
-0.747578 0.181241 -0.638968 100.201 0.0507647 0.974826 0.217112 21.9146 0.662232 0.129871 -0.737958 -97.5967
-0.747882 0.186733 -0.637027 99.8308 0.0525292 0.973259 0.223623 21.9308 0.66175 0.133781 -0.737692 -98.0247
-0.746594 0.18792 -0.638188 99.5768 0.0533592 0.973101 0.224115 22.0794 0.663137 0.13327 -0.736538 -98.4515
-0.745699 0.189752 -0.638692 99.2791 0.0518467 0.972208 0.228305 22.1778 0.664262 0.137132 -0.734813 -98.8912
-0.746515 0.19054 -0.637503 98.8808 0.0540846 0.972326 0.22728 22.3385 0.663167 0.135189 -0.736161 -99.3202
-0.746753 0.192795 -0.636546 98.5596 0.0565188 0.971998 0.228092 22.4433 0.662696 0.134351 -0.736738 -99.7276
-0.747992 0.196609 -0.633918 98.2646 0.0613127 0.971502 0.228964 22.509 0.660869 0.132396 -0.738731 -100.09
-0.742967 0.201901 -0.63815 97.8269 0.0638468 0.97045 0.232702 22.5772 0.666276 0.132146 -0.733903 -100.637
-0.740883 0.199976 -0.641172 96.2419 0.0604293 0.970621 0.232901 23.1298 0.66891 0.133807 -0.731201 -102.524
-0.738204 0.203314 -0.643209 94.5696 0.0628454 0.97008 0.234509 23.6922 0.671644 0.132693 -0.728895 -104.386
-0.739353 0.19203 -0.645353 92.9708 0.0541606 0.972324 0.227274 24.3542 0.671136 0.133083 -0.729291 -106.152
-0.735002 0.188791 -0.651253 91.3688 0.0509297 0.973115 0.224616 24.9852 0.67615 0.131925 -0.724857 -108.134
-0.734902 0.186642 -0.651984 89.8108 0.0476909 0.973226 0.224847 25.5014 0.676494 0.134147 -0.724127 -109.833
-0.72955 0.190493 -0.656863 88.254 0.0506946 0.972848 0.225826 25.9718 0.682046 0.131452 -0.719398 -111.736
-0.729842 0.186657 -0.65764 86.6641 0.0505172 0.974097 0.220414 26.5177 0.681747 0.127645 -0.720366 -113.437
-0.725966 0.185726 -0.662177 84.9775 0.0531002 0.975107 0.215281 27.0705 0.685677 0.121125 -0.717757 -115.31
-0.723849 0.190938 -0.663012 83.3786 0.0575681 0.974308 0.217736 27.5036 0.687552 0.11944 -0.716244 -117.119
-0.723665 0.194864 -0.66207 81.669 0.0602254 0.973482 0.220691 28.0067 0.687518 0.119833 -0.716211 -118.865
-0.719426 0.194175 -0.666875 80.1323 0.0582368 0.97361 0.220662 28.5199 0.692123 0.119914 -0.711749 -120.65
-0.717121 0.192973 -0.669701 78.5056 0.0577552 0.974053 0.218827 29.0504 0.694552 0.118247 -0.709659 -122.428
-0.739257 0.224857 -0.634774 77.4273 0.11847 0.971332 0.206106 29.3001 0.66292 0.0771634 -0.744703 -122.134
-0.736356 0.232543 -0.635377 75.9699 0.130828 0.970295 0.2035 29.6683 0.663826 0.0667229 -0.744905 -123.956
-0.740153 0.226163 -0.633264 74.1334 0.12987 0.972091 0.195381 30.3347 0.659778 0.0623699 -0.748868 -125.736
-0.738274 0.224597 -0.63601 72.5404 0.130438 0.972674 0.192073 30.823 0.661769 0.0588424 -0.747395 -127.625
-0.737889 0.220812 -0.637779 71.025 0.128701 0.973662 0.188199 31.318 0.662537 0.056787 -0.746873 -129.471
-0.74008 0.219816 -0.63558 69.5006 0.128905 0.973917 0.186731 31.7362 0.660049 0.0562666 -0.749113 -131.185
-0.73801 0.218235 -0.638525 67.9818 0.126867 0.974258 0.186348 32.146 0.662756 0.0565187 -0.7467 -133.068
-0.738041 0.219896 -0.637919 66.2664 0.128365 0.973899 0.1872 32.6071 0.662433 0.0562747 -0.747004 -134.885
-0.736405 0.222662 -0.63885 64.8826 0.133356 0.973536 0.185592 32.9864 0.663267 0.0514764 -0.74661 -136.617
-0.735058 0.217184 -0.642278 63.3511 0.129256 0.974821 0.181705 33.4926 0.665569 0.0505454 -0.744623 -138.477
-0.732812 0.214856 -0.645619 61.8195 0.128234 0.975444 0.179066 33.9132 0.668239 0.0484318 -0.742369 -140.327
-0.73131 0.212614 -0.648059 60.3325 0.126215 0.975947 0.177758 34.322 0.670265 0.0482016 -0.740555 -142.126
-0.72852 0.204425 -0.653811 58.8926 0.12281 0.977947 0.168929 34.845 0.673926 0.0427735 -0.73756 -143.942
