1 0 0 0 0 1 0 0 0 0 1 0
0.999984 0.00244406 -0.00519303 -0.00260887 -0.00245463 0.999995 -0.00203128 0.00999001 0.00518804 0.00204399 0.999984 0.729009
0.999941 0.00106663 -0.0108302 0.0173569 -0.00106721 0.999999 -4.78072e-05 -0.0245177 0.0108301 5.93624e-05 0.999941 1.48032
0.999846 0.00443335 -0.016973 0.030424 -0.00445598 0.999989 -0.00129603 -0.0428758 0.016967 0.00137146 0.999855 2.24899
0.999736 0.00680174 -0.021937 -0.00176529 -0.00683612 0.999976 -0.00149284 -0.0446178 0.0219263 0.00164241 0.999758 3.01416
0.999702 0.00635651 -0.0235576 -0.055299 -0.00636877 0.99998 -0.000445433 -0.0539479 0.0235543 0.000595334 0.999722 3.8034
0.999575 0.00587779 -0.0285532 -0.0689874 -0.00583927 0.999982 0.00143218 -0.0589819 0.0285611 -0.00126484 0.999591 4.60255
0.999467 0.00611123 -0.0320813 -0.101417 -0.00599213 0.999975 0.00380711 -0.061521 0.0321037 -0.00361284 0.999478 5.40862
0.999375 0.00841929 -0.0343329 -0.145393 -0.00839907 0.999964 0.000733307 -0.0411321 0.0343378 -0.000444484 0.99941 6.2149
0.999316 0.00805573 -0.0360798 -0.198333 -0.00793817 0.999963 0.00340035 -0.0718378 0.0361058 -0.00311162 0.999343 7.02784
0.999299 0.00642704 -0.0368721 -0.253977 -0.00637044 0.999978 0.00165224 -0.0549071 0.0368819 -0.0014162 0.999319 7.86181
0.99914 0.00646422 -0.0409607 -0.254836 -0.00641558 0.999979 0.00131869 -0.0551406 0.0409683 -0.00105477 0.99916 8.72654
0.999041 0.00577803 -0.043399 -0.263314 -0.00567007 0.999981 0.00261021 -0.0975662 0.0434133 -0.00236163 0.999054 9.56934
0.998941 0.0076112 -0.0453667 -0.305564 -0.00766085 0.99997 -0.000920572 -0.0879504 0.0453583 0.00126714 0.99897 10.4203
0.998954 0.0075976 -0.0450925 -0.373798 -0.00775362 0.999965 -0.00328604 -0.100598 0.0450659 0.00363223 0.998977 11.2778
0.998815 0.012171 -0.0471253 -0.420444 -0.0124394 0.999908 -0.00540643 -0.106486 0.0470552 0.00598623 0.998874 12.1591
0.998768 0.0140124 -0.0476098 -0.481276 -0.0142679 0.999886 -0.00502967 -0.124184 0.0475339 0.00570277 0.998853 13.035
0.998589 0.0101615 -0.0521277 -0.481278 -0.0102998 0.999944 -0.00238658 -0.137845 0.0521005 0.00292012 0.998638 13.9246
0.998442 0.0115041 -0.0545976 -0.510902 -0.0115204 0.999934 1.72531e-05 -0.166989 0.0545941 0.000611758 0.998508 14.8131
0.998476 0.0109087 -0.0541065 -0.593375 -0.0108918 0.99994 0.000606595 -0.18619 0.0541099 -1.63508e-05 0.998535 15.7027
0.998351 0.011063 -0.05633 -0.63647 -0.0111212 0.999938 -0.000719668 -0.188998 0.0563185 0.00134494 0.998412 16.6174
0.99821 0.00884549 -0.059154 -0.659212 -0.00896595 0.999958 -0.0017712 -0.188967 0.0591359 0.0022984 0.998247 17.5445
0.99812 0.00957646 -0.0605363 -0.701959 -0.00960772 0.999954 -0.000225381 -0.207819 0.0605313 0.000806573 0.998166 18.4655
0.998121 0.0116656 -0.0601507 -0.76865 -0.0114378 0.999926 0.00413102 -0.228894 0.0601945 -0.00343526 0.998181 19.3948
0.998035 0.0120928 -0.0614872 -0.780572 -0.0115983 0.999898 0.00839336 -0.246589 0.0615824 -0.00766372 0.998073 20.3357
0.998233 0.0152949 -0.0574262 -0.861242 -0.0145574 0.999806 0.0132402 -0.301416 0.0576176 -0.0123808 0.998262 21.2846
0.99833 0.0166682 -0.0553096 -0.930854 -0.0158405 0.999756 0.0153699 -0.337332 0.0555523 -0.0144681 0.998351 22.2183
0.998593 0.0149529 -0.0508837 -1.07435 -0.0143431 0.999821 0.0123288 -0.332758 0.051059 -0.0115816 0.998628 23.2094
0.99872 0.0157623 -0.0480687 -1.17654 -0.0154959 0.999862 0.00590899 -0.303811 0.0481553 -0.00515655 0.998827 24.1724
0.998847 0.0157835 -0.0453378 -1.24764 -0.0156514 0.999872 0.00326702 -0.307979 0.0453836 -0.00255365 0.998966 25.1507
0.998926 0.0137885 -0.0442262 -1.31523 -0.0136302 0.9999 0.00387923 -0.321416 0.0442753 -0.00327225 0.999014 26.1336
0.998919 0.011636 -0.0450088 -1.34412 -0.0112209 0.999892 0.00946399 -0.343403 0.045114 -0.00894872 0.998942 27.0893
0.998874 0.00817549 -0.0467404 -1.36578 -0.0075869 0.99989 0.0127564 -0.347959 0.0468395 -0.0123874 0.998826 28.0839
0.998853 0.00154801 -0.0478658 -1.40695 -0.000983193 0.99993 0.0118214 -0.350129 0.0478807 -0.0117607 0.998784 29.0802
0.998644 0.000545372 -0.0520484 -1.35458 -0.000114107 0.999966 0.00828846 -0.359255 0.0520511 -0.00827128 0.99861 29.9976
0.998659 0.0039602 -0.0516198 -1.46379 -0.0039692 0.999992 -7.18504e-05 -0.295882 0.0516191 0.000276643 0.998667 30.9525
0.998435 0.00577461 -0.0556343 -1.48225 -0.00595621 0.999977 -0.00309876 -0.265385 0.0556152 0.00342528 0.998446 31.9489
0.9982 0.00448758 -0.0597981 -1.46153 -0.00443212 0.99999 0.00106005 -0.319977 0.0598023 -0.000793105 0.99821 33.016
0.998046 0.00924369 -0.0617902 -1.51758 -0.00909367 0.999955 0.00270878 -0.326264 0.0618124 -0.00214159 0.998085 34.0216
0.997959 0.0111274 -0.0628836 -1.58596 -0.0110255 0.999937 0.00196709 -0.322434 0.0629015 -0.00126976 0.998019 35.0257
0.997818 0.0171715 -0.063751 -1.65074 -0.0171978 0.999852 0.000135945 -0.294546 0.0637439 0.000960727 0.997966 36.0394
0.997736 0.018249 -0.0647253 -1.69534 -0.0179062 0.999822 0.00587274 -0.364128 0.064821 -0.00470046 0.997886 37.0447
0.997816 0.0242691 -0.0614292 -1.88011 -0.0238271 0.999685 0.0079178 -0.360002 0.061602 -0.00643683 0.99808 38.1132
0.99706 0.0230335 -0.0730766 -1.73743 -0.0226475 0.999725 0.00610686 -0.336687 0.0731972 -0.00443391 0.997308 39.2251
0.99708 0.02208 -0.073101 -1.8218 -0.0219298 0.999755 0.00285615 -0.308787 0.0731461 -0.00124471 0.99732 40.2337
0.996929 0.0258493 -0.0739159 -1.88717 -0.0259043 0.999664 0.000214592 -0.322524 0.0738966 0.0017008 0.997264 41.2418
0.996823 0.0256909 -0.0753853 -1.95256 -0.0257602 0.999668 5.3099e-05 -0.320626 0.0753616 0.00188901 0.997154 42.224
0.99678 0.0231382 -0.0767756 -2.03895 -0.0230375 0.999732 0.00219821 -0.352769 0.0768059 -0.000422419 0.997046 43.2194
0.996647 0.0255863 -0.0777239 -2.09837 -0.0252748 0.999668 0.00498809 -0.41045 0.0778257 -0.0030069 0.996962 44.1708
0.996591 0.0280942 -0.0775654 -2.19308 -0.0281724 0.999603 8.54209e-05 -0.396047 0.0775371 0.00210008 0.996987 45.1106
0.996374 0.0277043 -0.0804451 -2.24331 -0.0281038 0.999598 -0.00383772 -0.406984 0.0803064 0.00608462 0.996752 46.0707
0.996232 0.0280174 -0.0820828 -2.30769 -0.0286893 0.999564 -0.00701777 -0.418621 0.0818504 0.00934623 0.996601 47.0467
0.996249 0.027473 -0.0820537 -2.39418 -0.0278718 0.999605 -0.00371885 -0.4381 0.0819191 0.00599188 0.996621 48.0002
0.996352 0.0260575 -0.0812645 -2.49156 -0.0262338 0.999655 -0.00110227 -0.446907 0.0812077 0.00323013 0.996692 48.9656
0.996199 0.022179 -0.0842336 -2.53732 -0.0222315 0.999753 0.000315504 -0.451155 0.0842198 0.00155833 0.996446 49.9555
0.996269 0.0206422 -0.0837924 -2.62096 -0.02068 0.999786 0.000416406 -0.485372 0.0837831 0.00131798 0.996483 50.9127
0.996364 0.0182382 -0.0832294 -2.72948 -0.0185001 0.999826 -0.00237651 -0.475035 0.0831716 0.00390762 0.996528 51.8502
0.99632 0.0153382 -0.0843235 -2.81653 -0.0156352 0.999874 -0.0028638 -0.466282 0.0842689 0.00417168 0.996434 52.8119
0.996167 0.014534 -0.0862581 -2.87204 -0.0144881 0.999894 0.00115782 -0.494204 0.0862658 9.63364e-05 0.996272 53.7652
0.995941 0.0136103 -0.0889714 -2.91865 -0.013426 0.999906 0.00267028 -0.471018 0.0889994 -0.00146492 0.996031 54.7052
0.995768 0.0169467 -0.0903263 -2.9913 -0.0158936 0.999797 0.0123649 -0.586934 0.0905175 -0.010877 0.995835 55.6344
0.995572 0.0187533 -0.092113 -3.08135 -0.0179648 0.999795 0.00938197 -0.609497 0.09227 -0.00768563 0.995704 56.5767
0.995605 0.0228957 -0.0908086 -3.21246 -0.0229609 0.999736 0.000327348 -0.621534 0.0907921 0.00175913 0.995868 57.4913
0.995323 0.0280938 -0.0924255 -3.28793 -0.0287012 0.999574 -0.00524984 -0.648539 0.0922387 0.00787801 0.995706 58.3988
0.995031 0.035591 -0.0929915 -3.38108 -0.0362508 0.999328 -0.00541517 -0.677008 0.0927363 0.00875928 0.995652 59.2941
0.994857 0.0352391 -0.094957 -3.48083 -0.0357851 0.999351 -0.00405293 -0.668637 0.0947526 0.00743014 0.995473 60.2052
0.994403 0.0388049 -0.0982724 -3.54872 -0.0390059 0.999239 -0.000123645 -0.708442 0.0981928 0.00395615 0.99516 61.1186
0.994037 0.0389077 -0.101862 -3.6164 -0.0387991 0.999242 0.00304789 -0.763721 0.101903 0.000922421 0.994794 62.014
0.993987 0.039313 -0.102194 -3.73058 -0.0391326 0.999227 0.00377038 -0.764757 0.102263 0.000251409 0.994757 62.8632
0.993894 0.0391205 -0.103171 -3.82952 -0.0389117 0.999234 0.00403614 -0.7695 0.10325 3.07007e-06 0.994655 63.7142
0.99369 0.0392988 -0.105047 -3.91795 -0.0390059 0.999227 0.00484236 -0.78938 0.105156 -0.000714363 0.994455 64.5444
0.993631 0.0378971 -0.106119 -4.01791 -0.0375335 0.999281 0.00542281 -0.794401 0.106249 -0.00140524 0.994339 65.3383
0.993278 0.0406852 -0.108371 -4.09086 -0.0400134 0.999164 0.00836706 -0.8075 0.108621 -0.00397453 0.994075 66.1337
0.99306 0.0427746 -0.109555 -4.18969 -0.0416026 0.99905 0.0129618 -0.825661 0.110005 -0.00831409 0.993896 66.9349
0.992684 0.0462263 -0.111544 -4.27074 -0.0448424 0.998883 0.0148846 -0.836289 0.112107 -0.00977376 0.993648 67.6865
0.992333 0.0493188 -0.113329 -4.37067 -0.0483684 0.998768 0.0111228 -0.853233 0.113738 -0.00555598 0.993495 68.4432
0.992111 0.0501103 -0.114916 -4.45725 -0.0500427 0.998741 0.00347567 -0.859339 0.114945 0.00230244 0.993369 69.1644
0.991748 0.0488775 -0.118519 -4.49868 -0.0501075 0.998716 -0.00741887 -0.747783 0.118004 0.0132963 0.992924 69.8996
0.9915 0.0502553 -0.120012 -4.57237 -0.0516018 0.998635 -0.00813613 -0.771869 0.119439 0.0142598 0.992739 70.5972
0.991528 0.053318 -0.118449 -4.71453 -0.0544498 0.998496 -0.00633691 -0.755022 0.117933 0.0127327 0.99294 71.2919
0.991384 0.0543929 -0.119159 -4.81349 -0.0551441 0.998474 -0.00301349 -0.792902 0.118813 0.00955841 0.992871 71.9466
0.99159 0.0501168 -0.119319 -4.91772 -0.0515072 0.998636 -0.00859555 -0.780457 0.118725 0.014669 0.992819 72.5308
0.991846 0.0428738 -0.120014 -4.96765 -0.0445926 0.998937 -0.0116719 -0.83955 0.119386 0.0169285 0.992704 73.175
0.991995 0.0385986 -0.120232 -5.00922 -0.0406086 0.999073 -0.0143112 -0.890868 0.119568 0.0190791 0.992643 73.7927
0.992087 0.0417965 -0.118389 -5.05601 -0.0442858 0.998848 -0.0184738 -0.838584 0.11748 0.0235705 0.992795 74.4021
0.992593 0.0462523 -0.112339 -5.16644 -0.0479909 0.998766 -0.0128199 -0.906487 0.111607 0.0181162 0.993587 74.942
0.993162 0.0447593 -0.107823 -5.22494 -0.0459772 0.998903 -0.00883412 -0.941096 0.107309 0.0137311 0.994131 75.5223
0.993929 0.0415103 -0.101891 -5.27714 -0.042308 0.999088 -0.00567894 -0.944033 0.101562 0.00995527 0.994779 76.0737
0.994744 0.0368572 -0.0955268 -5.28019 -0.0373134 0.999299 -0.002994 -0.951145 0.0953495 0.0065427 0.995422 76.6139
0.99539 0.0415202 -0.0864624 -5.29726 -0.0421072 0.999101 -0.00497595 -0.937503 0.0861781 0.0085937 0.996243 77.1153
0.99633 0.0475224 -0.0711909 -5.34095 -0.0481691 0.998812 -0.00739396 -0.930723 0.070755 0.010796 0.997435 77.6098
0.997183 0.0531371 -0.0529415 -5.36905 -0.0536113 0.998533 -0.00757648 -0.942124 0.0524612 0.0103934 0.998569 78.1054
0.998231 0.0526092 -0.0276908 -5.42419 -0.0528271 0.998578 -0.00719644 -0.962089 0.0272728 0.00864654 0.999591 78.5907
0.998766 0.0496359 -0.00157234 -5.39855 -0.0496477 0.998729 -0.00868974 -0.957608 0.00113902 0.00875708 0.999961 79.0805
0.998378 0.0488502 0.0292315 -5.38472 -0.0486328 0.998784 -0.00810229 -0.9777 -0.0295917 0.00666754 0.99954 79.5434
0.996799 0.0482291 0.0637646 -5.35507 -0.0479568 0.998833 -0.00579474 -1.02231 -0.0639696 0.00271825 0.997948 79.9979
0.99349 0.048494 0.103082 -5.31496 -0.0481358 0.998823 -0.00596204 -1.04406 -0.10325 0.000961293 0.994655 80.4525
0.988182 0.0501768 0.144841 -5.23387 -0.0490922 0.998733 -0.0110547 -1.00757 -0.145213 0.00381346 0.989393 80.878
0.980222 0.0500154 0.191478 -5.14065 -0.0485179 0.998744 -0.0125039 -1.03026 -0.191863 0.00296645 0.981417 81.3048
0.969209 0.0520691 0.240673 -5.0237 -0.0498503 0.998639 -0.0153026 -1.06406 -0.241143 0.00283378 0.970486 81.6996
0.953464 0.0531598 0.296782 -4.90335 -0.0493899 0.998575 -0.0201917 -1.08629 -0.297433 0.00459404 0.954732 82.1143
0.934806 0.0527581 0.35122 -4.71471 -0.0468583 0.998582 -0.0252829 -1.09644 -0.352055 0.0071771 0.935952 82.4758
0.911226 0.0545484 0.40828 -4.5223 -0.047965 0.998501 -0.0263539 -1.14408 -0.409105 0.00443125 0.912476 82.8097
0.88351 0.052343 0.465479 -4.28665 -0.043752 0.998614 -0.0292496 -1.17285 -0.466365 0.00547665 0.884575 83.1549
0.852575 0.0516979 0.520041 -3.99588 -0.038476 0.998604 -0.0361933 -1.15775 -0.521186 0.0108484 0.853374 83.4977
0.817981 0.0500551 0.573064 -3.72477 -0.0346249 0.998685 -0.0378087 -1.19416 -0.574203 0.0110846 0.818638 83.773
0.778167 0.0483813 0.626191 -3.45396 -0.0332611 0.998804 -0.0358368 -1.24838 -0.627176 0.00705919 0.778846 84.0729
0.739516 0.0528294 0.671063 -3.11015 -0.0377629 0.998602 -0.0369999 -1.2701 -0.672079 0.00202076 0.740477 84.3178
0.69502 0.0545609 0.716918 -2.80261 -0.0363864 0.998508 -0.0407164 -1.27246 -0.71807 0.00221263 0.695968 84.5634
0.649054 0.0528848 0.758902 -2.49712 -0.0303786 0.998587 -0.0436061 -1.29623 -0.760135 0.00524834 0.649744 84.7722
0.604478 0.0495207 0.795081 -2.15527 -0.0215967 0.998718 -0.0457847 -1.31891 -0.796329 0.0105047 0.604773 84.9591
0.557986 0.0517777 0.828234 -1.83573 -0.0226166 0.99863 -0.0471932 -1.3541 -0.829542 0.00760134 0.558392 85.1378
0.512087 0.0538795 0.857242 -1.48931 -0.023128 0.998534 -0.0489441 -1.3812 -0.858622 0.00523732 0.512582 85.3003
0.468572 0.0556094 0.881674 -1.12863 -0.0215529 0.998439 -0.0515196 -1.40502 -0.883163 0.00513804 0.469039 85.4395
0.427194 0.0545237 0.902515 -0.768175 -0.0135465 0.998454 -0.0539076 -1.41468 -0.904059 0.010803 0.427272 85.5673
0.388875 0.0416498 0.920349 -0.423414 0.00485238 0.998871 -0.0472535 -1.47274 -0.921278 0.0228416 0.388233 85.652
0.35317 0.0380314 0.934786 -0.0504674 0.00900085 0.998989 -0.0440441 -1.49934 -0.935516 0.0239689 0.352471 85.7671
0.321064 0.0413126 0.946156 0.334817 0.00887512 0.998873 -0.0466261 -1.52018 -0.947016 0.0233672 0.320336 85.8775
0.293393 0.0455118 0.954908 0.72703 0.00307783 0.998816 -0.0485502 -1.56105 -0.955987 0.0171833 0.292905 85.9671
0.263674 0.0513975 0.963242 1.10262 -0.00224026 0.998609 -0.0526715 -1.58074 -0.964609 0.0117302 0.263422 86.0754
0.239024 0.0494368 0.969754 1.49091 0.00292872 0.998662 -0.0516323 -1.61926 -0.971009 0.0151815 0.238559 86.1451
0.217134 0.0515529 0.97478 1.91531 0.0111023 0.998409 -0.0552757 -1.63775 -0.976079 0.0228245 0.216216 86.2094
0.197137 0.0578849 0.978666 2.33788 0.0180379 0.997872 -0.0626543 -1.65495 -0.98021 0.0300046 0.195673 86.2766
0.178309 0.0642994 0.981872 2.75523 0.0201653 0.997414 -0.0689792 -1.67617 -0.983768 0.0320993 0.176551 86.3266
0.159462 0.0632093 0.985178 3.19759 0.0173126 0.997616 -0.0668096 -1.71667 -0.987052 0.0277097 0.157988 86.3927
0.144364 0.0593378 0.987744 3.65692 0.0148802 0.997957 -0.0621262 -1.75423 -0.989413 0.0236666 0.143186 86.4474
0.129404 0.0562087 0.989998 4.12498 0.0154537 0.998157 -0.0586919 -1.79118 -0.991472 0.022894 0.128297 86.5044
0.116694 0.0540448 0.991696 4.60902 0.0188572 0.998218 -0.0566191 -1.81434 -0.992989 0.0253077 0.115467 86.5504
0.106101 0.0517011 0.99301 5.10026 0.0207642 0.998314 -0.0541958 -1.85778 -0.994138 0.0263693 0.104849 86.5799
0.0966089 0.0526906 0.993927 5.61087 0.0240928 0.998181 -0.055258 -1.88637 -0.995031 0.0292849 0.0951637 86.6183
0.0902028 0.0567989 0.994302 6.15032 0.0254348 0.997915 -0.0593127 -1.88584 -0.995599 0.0306401 0.0885701 86.6501
0.0809467 0.0539522 0.995257 6.67602 0.0284748 0.998001 -0.0564169 -1.94643 -0.996312 0.0329065 0.0792487 86.7292
0.0759885 0.0563934 0.995513 7.23977 0.0299906 0.997818 -0.0588133 -1.97102 -0.996658 0.0343252 0.0741315 86.7655
0.0705401 0.0576454 0.995842 7.82095 0.031472 0.997703 -0.0599825 -2.00149 -0.997012 0.0355724 0.0685639 86.7974
0.0665103 0.0573662 0.996135 8.43541 0.0341974 0.997628 -0.0597355 -2.04172 -0.9972 0.0380382 0.0643908 86.8423
0.0630315 0.0567947 0.996394 9.05306 0.0337817 0.997686 -0.0590054 -2.08245 -0.99744 0.0373791 0.060967 86.8873
0.0604701 0.0555641 0.996622 9.67813 0.0340751 0.997753 -0.0576946 -2.13315 -0.997588 0.0374488 0.0584408 86.9105
0.060105 0.0559846 0.996621 10.3433 0.0349782 0.997695 -0.0581544 -2.17784 -0.997579 0.0383554 0.0580082 86.9248
0.0596825 0.0552543 0.996687 11.0102 0.0396248 0.997549 -0.0576748 -2.22623 -0.997431 0.0429357 0.0573468 86.9543
0.0607374 0.0561409 0.996574 11.7 0.0418181 0.997397 -0.058736 -2.25195 -0.997277 0.0452423 0.0582316 87.0017
0.0633783 0.0553918 0.996451 12.4025 0.0440737 0.997329 -0.0582439 -2.30947 -0.997016 0.0476087 0.0607677 87.037
0.066882 0.0556982 0.996205 13.1048 0.0451067 0.997251 -0.0587851 -2.35565 -0.996741 0.0488672 0.0641858 87.0899
0.0715678 0.0556081 0.995884 13.8476 0.0439755 0.997298 -0.0588472 -2.40415 -0.996466 0.0480061 0.068929 87.1347
0.0758154 0.054332 0.995641 14.624 0.0439701 0.997361 -0.057774 -2.45828 -0.996152 0.0481586 0.0732264 87.1915
0.0787158 0.0543876 0.995412 15.3823 0.0414667 0.997468 -0.057779 -2.48801 -0.996034 0.0458246 0.0762612 87.274
0.0821483 0.0524865 0.995237 16.1718 0.037888 0.997726 -0.0557451 -2.53331 -0.9959 0.0422869 0.0799729 87.3503
0.0871555 0.051218 0.994877 16.9461 0.0379005 0.997784 -0.0546879 -2.57703 -0.995473 0.0424727 0.0850211 87.3968
0.0911355 0.0529412 0.99443 17.737 0.0348314 0.997805 -0.0563131 -2.6176 -0.995229 0.0397695 0.0890915 87.469
0.0927018 0.0556762 0.994136 18.4999 0.0320755 0.99775 -0.0588696 -2.70299 -0.995177 0.0373447 0.0907074 87.5715
0.0942971 0.061502 0.993643 19.3108 0.0280422 0.99753 -0.0644038 -2.74304 -0.995149 0.0339371 0.0923395 87.6506
0.0914141 0.065502 0.993656 20.1516 0.0256318 0.997349 -0.0681035 -2.79162 -0.995483 0.0316949 0.0894928 87.8063
0.0899951 0.0675095 0.993652 20.9738 0.0244043 0.997251 -0.0699644 -2.80631 -0.995643 0.0305458 0.0881001 87.903
0.0878986 0.0638994 0.994078 21.8361 0.0186159 0.997661 -0.0657758 -2.89984 -0.995955 0.0242873 0.0865035 88.0449
0.0826744 0.0645936 0.994481 22.6012 0.0180757 0.997636 -0.0663012 -2.93553 -0.996413 0.0234573 0.0813114 88.2021
0.0805855 0.0651875 0.994614 23.3925 0.0155053 0.997656 -0.0666432 -2.98188 -0.996627 0.0207922 0.0793859 88.3203
0.0829004 0.0614345 0.994662 24.1905 0.018639 0.997828 -0.0631834 -3.09892 -0.996384 0.0237774 0.0815753 88.3689
0.0819807 0.0626094 0.994665 24.9774 0.0149131 0.997836 -0.0640381 -3.16065 -0.996522 0.0200835 0.0808696 88.4524
0.0791683 0.0659113 0.99468 25.8092 0.00960146 0.997715 -0.0668767 -3.21182 -0.996815 0.0148449 0.0783546 88.5534
0.0756056 0.0656654 0.994973 26.6244 0.005261 0.997789 -0.066251 -3.28255 -0.997124 0.0102435 0.075093 88.635
0.0710572 0.0658673 0.995295 27.4358 0.00249862 0.997802 -0.0662117 -3.33392 -0.997469 0.00719167 0.0707364 88.7058
0.0657402 0.0635065 0.995814 28.2269 0.00114361 0.997967 -0.0637193 -3.39239 -0.997836 0.00532775 0.065534 88.7651
0.0603705 0.0624198 0.996222 29.0261 -0.00156191 0.998048 -0.0624395 -3.4418 -0.998175 0.00221349 0.0603501 88.8015
0.0523323 0.0641027 0.99657 29.8417 -0.00266957 0.997943 -0.0640508 -3.49658 -0.998626 0.000691513 0.0523958 88.8558
0.0482422 0.0696039 0.996408 30.6833 -0.000386158 0.99757 -0.0696665 -3.49993 -0.998836 0.00297609 0.0481519 88.8504
0.037904 0.071331 0.996732 31.5056 0.000999629 0.997446 -0.0714201 -3.55902 -0.999281 0.00370347 0.0377358 88.8872
0.0223363 0.0707524 0.997244 32.2773 -0.00205094 0.997494 -0.0707242 -3.63762 -0.999748 -0.000465577 0.0224254 88.9545
0.0113654 0.070598 0.99744 33.0705 -0.00255902 0.997503 -0.0705734 -3.7012 -0.999932 -0.00175038 0.0115177 88.9701
0.000341991 0.0689944 0.997617 33.853 -0.000898304 0.997617 -0.0689941 -3.77898 -1 -0.000872568 0.000403154 88.9629
-0.00961603 0.0692033 0.997556 34.6315 0.000696096 0.997603 -0.0691998 -3.84478 -0.999954 2.89672e-05 -0.00964115 88.9424
-0.0203888 0.0686159 0.997435 35.4114 0.00152027 0.997643 -0.0685992 -3.92019 -0.999791 0.00011772 -0.020445 88.9221
-0.0303389 0.0701636 0.997074 36.1702 0.00227477 0.997535 -0.0701268 -3.97769 -0.999537 0.000140548 -0.0304237 88.8857
-0.0410717 0.0714174 0.996601 36.9461 0.00278604 0.997447 -0.0713632 -4.04179 -0.999152 -0.000154437 -0.0411658 88.8633
-0.0517067 0.0724411 0.996031 37.7107 0.00305099 0.997372 -0.0723802 -4.10285 -0.998658 -0.00070366 -0.0517918 88.843
-0.0613786 0.0727007 0.995463 38.4803 0.00483205 0.997354 -0.0725409 -4.17038 -0.998103 0.000357671 -0.0615675 88.8032
-0.071519 0.0720719 0.994832 39.2127 0.00343 0.997398 -0.0720112 -4.25496 -0.997433 -0.00173789 -0.0715801 88.7605
-0.0807958 0.0716915 0.994149 39.9645 0.00488436 0.997426 -0.0715308 -4.32462 -0.996719 -0.00092361 -0.0809381 88.7147
-0.0882781 0.0702813 0.993613 40.6778 0.00627721 0.997527 -0.0700004 -4.39591 -0.996076 5.76146e-05 -0.088501 88.6521
-0.0944055 0.069068 0.993135 41.4146 0.00961989 0.997607 -0.0684646 -4.45435 -0.995487 0.00309042 -0.094844 88.6074
-0.0973399 0.0663334 0.993038 42.1618 0.0105851 0.997789 -0.0656132 -4.55945 -0.995195 0.00412466 -0.0978269 88.5039
-0.101253 0.0685415 0.992497 42.896 0.00854919 0.997647 -0.068025 -4.55499 -0.994824 0.00159732 -0.101601 88.4339
-0.104037 0.069 0.992177 43.5517 0.00838822 0.997616 -0.0684987 -4.58713 -0.994538 0.00119617 -0.104368 88.3889
-0.106423 0.0657935 0.992142 44.1401 0.0139025 0.997809 -0.064678 -4.69734 -0.994224 0.00690997 -0.107105 88.375
-0.103136 0.0656522 0.992498 44.8478 0.013717 0.997818 -0.0645787 -4.78883 -0.994573 0.00695377 -0.103811 88.2462
-0.0981521 0.0681803 0.992833 45.5779 0.0147205 0.997641 -0.0670552 -4.82617 -0.995063 0.00803342 -0.0989242 88.1179
-0.0936009 0.0717353 0.993022 46.2184 0.0105488 0.997416 -0.0710584 -4.8442 -0.995554 0.00382407 -0.0941158 88.0626
-0.0861865 0.0710524 0.993742 46.7866 0.0106007 0.997463 -0.070399 -4.92459 -0.996223 0.00446696 -0.0867211 88.0302
-0.0751124 0.0729207 0.994505 47.4247 0.00871755 0.997333 -0.0724696 -4.94658 -0.997137 0.00322629 -0.0755477 87.9993
-0.0622146 0.0722869 0.995442 47.9688 0.00625129 0.997382 -0.0720372 -5.02326 -0.998043 0.00174103 -0.0625036 87.9938
-0.0446674 0.0746344 0.99621 48.5486 0.00374252 0.997211 -0.0745416 -5.05639 -0.998995 0.000398759 -0.0448221 87.9731
-0.0255713 0.0756519 0.996806 49.0516 -0.00251986 0.997124 -0.0757407 -5.11886 -0.99967 -0.00444859 -0.0253071 87.9925
-0.00149973 0.0807834 0.996731 49.5554 -0.00446622 0.996721 -0.0807893 -5.12595 -0.999989 -0.00457278 -0.00113402 88.0191
0.0271382 0.0848314 0.996026 50.0601 -0.00559402 0.99639 -0.08471 -5.14028 -0.999616 -0.00327292 0.0275147 88.0539
0.0584291 0.0831007 0.994827 50.5968 -0.00938203 0.996531 -0.0826921 -5.2168 -0.998247 -0.00450188 0.059006 88.1288
0.0920217 0.082489 0.992334 51.0219 -0.0109341 0.996586 -0.0818285 -5.25387 -0.995697 -0.00332027 0.0926096 88.2838
0.13302 0.078399 0.988008 51.5587 -0.0168893 0.996901 -0.0768308 -5.31125 -0.990969 -0.00646676 0.133932 88.4016
0.178546 0.0746711 0.981094 52.0686 -0.0233801 0.997157 -0.0716387 -5.35524 -0.983654 -0.0101472 0.179785 88.5162
0.225621 0.0712777 0.971604 52.5383 -0.0299461 0.997356 -0.066213 -5.4045 -0.973755 -0.0141567 0.227159 88.6805
0.277158 0.0706774 0.958221 53.0116 -0.0371256 0.997334 -0.0628241 -5.43821 -0.960107 -0.0181623 0.279043 88.8508
0.331555 0.0705409 0.940795 53.4559 -0.0393609 0.997367 -0.0609111 -5.48591 -0.942614 -0.0168352 0.333459 89.0624
0.390595 0.0691455 0.917962 53.8958 -0.0386678 0.997527 -0.0586855 -5.54188 -0.91975 -0.0125733 0.392303 89.2745
0.44942 0.072557 0.890369 54.3406 -0.0393779 0.997336 -0.0613976 -5.57436 -0.892452 -0.00746752 0.45108 89.5377
0.509182 0.076567 0.857246 54.7612 -0.0406938 0.997063 -0.064884 -5.59398 -0.859696 -0.00184686 0.510802 89.8224
0.56815 0.0800081 0.819026 55.1419 -0.0465245 0.996794 -0.0651 -5.62996 -0.821608 -0.0011182 0.570051 90.1225
0.624616 0.0833096 0.776475 55.4939 -0.0530744 0.996523 -0.0642246 -5.65747 -0.779126 -0.00109524 0.626866 90.4398
0.67768 0.0840377 0.730539 55.863 -0.0557145 0.996461 -0.0629448 -5.68745 -0.733243 0.00195489 0.679964 90.7906
0.724602 0.0851031 0.683892 56.1439 -0.060422 0.99637 -0.0599688 -5.70152 -0.686513 0.00213136 0.727114 91.1926
0.767222 0.0844103 0.635803 56.3437 -0.0685901 0.996415 -0.0495183 -5.71377 -0.637704 -0.00561832 0.770261 91.5704
0.807446 0.0808386 0.584377 56.5945 -0.0715483 0.996674 -0.0390131 -5.72256 -0.585587 -0.0103102 0.810544 92.005
0.841848 0.0817308 0.533491 56.7603 -0.0775134 0.996529 -0.0303521 -5.70798 -0.53412 -0.0158008 0.845261 92.4352
0.87266 0.0812346 0.481524 56.9297 -0.0810758 0.996483 -0.0211771 -5.69495 -0.481551 -0.0205595 0.876177 92.8835
0.898567 0.0804452 0.4314 57.1081 -0.0838305 0.996417 -0.0111954 -5.70686 -0.430755 -0.0261047 0.902091 93.3472
0.918696 0.0834018 0.38606 57.2493 -0.0885976 0.996058 -0.00434851 -5.71544 -0.384901 -0.030209 0.922464 93.7779
0.933414 0.0927974 0.346592 57.3799 -0.0992163 0.995066 0.000780487 -5.70685 -0.34481 -0.0351161 0.938016 94.244
0.945261 0.0981687 0.311197 57.4954 -0.103549 0.994624 0.000770535 -5.69131 -0.309449 -0.0329525 0.950345 94.7032
0.954961 0.0997705 0.279455 57.6248 -0.10498 0.994467 0.00369916 -5.68967 -0.27754 -0.0328699 0.960152 95.1788
0.96224 0.0921441 0.256134 57.7614 -0.0971797 0.995242 0.00704489 -5.70127 -0.254266 -0.0316699 0.966616 95.6584
0.966583 0.0887706 0.240492 57.8745 -0.0935404 0.995579 0.00846762 -5.701 -0.238677 -0.0306804 0.970614 96.1519
0.969496 0.0922052 0.227104 57.9783 -0.0967833 0.995264 0.00908185 -5.70446 -0.225191 -0.0307846 0.973828 96.6467
0.970918 0.0980884 0.218397 58.0583 -0.102728 0.99466 0.00996272 -5.69263 -0.216254 -0.0321085 0.975809 97.1647
0.971401 0.105395 0.212772 58.1469 -0.109862 0.993904 0.00924735 -5.68999 -0.2105 -0.0323586 0.977058 97.6764
0.971134 0.112094 0.210555 58.2241 -0.115975 0.993233 0.00613676 -5.69628 -0.208443 -0.0303787 0.977563 98.2019
0.970996 0.113957 0.210192 58.3187 -0.117457 0.993069 0.00420514 -5.70684 -0.208256 -0.0287718 0.977651 98.7214
0.970812 0.113324 0.211381 58.4514 -0.115876 0.993264 -0.000313271 -5.6971 -0.209992 -0.0241899 0.977404 99.2524
0.969914 0.114288 0.214955 58.5652 -0.11604 0.993234 -0.0044942 -5.72497 -0.214014 -0.0205844 0.976614 99.8105
0.968495 0.114547 0.221124 58.6507 -0.11541 0.993277 -0.00905978 -5.73356 -0.220675 -0.0167455 0.975204 100.389
0.967007 0.120644 0.224372 58.7976 -0.121694 0.992525 -0.009192 -5.74647 -0.223803 -0.0184161 0.97446 100.97
0.963811 0.124246 0.235863 58.8531 -0.126007 0.992 -0.00765403 -5.73723 -0.234927 -0.0223434 0.971756 101.654
0.963109 0.122717 0.239502 59.0215 -0.125311 0.992108 -0.00442869 -5.71892 -0.238155 -0.0257469 0.970886 102.244
0.962441 0.119089 0.243978 59.1728 -0.122874 0.992422 0.000295106 -5.72397 -0.242095 -0.0302625 0.969781 102.838
0.962029 0.116352 0.246905 59.347 -0.121102 0.992632 0.00408681 -5.72972 -0.24461 -0.0338323 0.969031 103.464
0.961577 0.112522 0.250418 59.5051 -0.117194 0.993102 0.00377774 -5.72404 -0.248265 -0.0329801 0.968131 104.103
0.96159 0.109608 0.251655 59.6585 -0.113001 0.993594 -0.000975814 -5.7178 -0.25015 -0.0274989 0.967816 104.747
0.961723 0.10984 0.251044 59.825 -0.111122 0.993765 -0.00910701 -5.72256 -0.250479 -0.0191382 0.967933 105.404
0.962204 0.11352 0.247541 60.0123 -0.11332 0.993444 -0.0151059 -5.73175 -0.247633 -0.0135163 0.96876 106.075
0.962387 0.117573 0.244925 60.1625 -0.116186 0.993023 -0.0201555 -5.72441 -0.245586 -0.00905947 0.969332 106.74
0.96202 0.116592 0.246829 60.2816 -0.11652 0.993076 -0.01495 -5.74378 -0.246863 -0.0143782 0.968944 107.428
0.963271 0.11188 0.244116 60.4864 -0.113036 0.993547 -0.00931518 -5.7437 -0.243583 -0.0186209 0.969701 108.128
0.963557 0.112755 0.242579 60.6522 -0.11562 0.993291 -0.00244217 -5.76997 -0.241227 -0.0256937 0.970129 108.84
0.964099 0.114922 0.239386 60.8395 -0.117 0.993116 -0.00556407 -5.74818 -0.238378 -0.0226438 0.970909 109.541
0.964568 0.118781 0.235584 61.0152 -0.119577 0.992764 -0.0109592 -5.75651 -0.235181 -0.0175994 0.971792 110.242
0.965625 0.120255 0.23045 61.1908 -0.119839 0.992667 -0.0158549 -5.76814 -0.230667 -0.012307 0.972955 110.981
0.967253 0.117251 0.225108 61.3764 -0.11623 0.993062 -0.0178301 -5.79311 -0.225637 -0.00891799 0.974171 111.728
0.968569 0.115404 0.220356 61.5578 -0.114307 0.993287 -0.0177634 -5.79739 -0.220927 -0.00798329 0.975258 112.489
0.969385 0.112412 0.218304 61.7243 -0.111627 0.993622 -0.0159662 -5.80949 -0.218707 -0.00889121 0.97575 113.292
0.969802 0.112568 0.216361 61.8995 -0.112228 0.993585 -0.0138954 -5.82113 -0.216537 -0.010806 0.976215 114.085
0.970142 0.111418 0.215429 62.0821 -0.111561 0.993691 -0.0115345 -5.83245 -0.215355 -0.0128434 0.976451 114.906
0.97083 0.105798 0.215164 62.2525 -0.106 0.994309 -0.0106326 -5.83813 -0.215064 -0.0124849 0.97652 115.711
0.970608 0.106769 0.215688 62.3998 -0.107348 0.99418 -0.00905972 -5.85092 -0.2154 -0.0143603 0.97642 116.535
0.9699 0.112474 0.215969 62.5641 -0.112791 0.993559 -0.010897 -5.8728 -0.215804 -0.0137903 0.976339 117.331
0.96985 0.116962 0.213803 62.7702 -0.116463 0.993082 -0.014972 -5.87652 -0.214075 -0.0103794 0.976762 118.144
0.968643 0.127006 0.213543 62.9555 -0.126331 0.991845 -0.0168606 -5.89401 -0.213943 -0.0106452 0.976788 118.974
0.966566 0.133446 0.218956 63.0737 -0.132861 0.990981 -0.0174614 -5.8961 -0.219311 -0.0122132 0.975578 119.872
0.965057 0.135882 0.224055 63.2317 -0.135366 0.990637 -0.0177368 -5.87875 -0.224367 -0.0132123 0.974415 120.721
0.964148 0.138528 0.226337 63.4211 -0.138225 0.99025 -0.0172666 -5.92232 -0.226522 -0.0146379 0.973896 121.564
0.964031 0.137985 0.227167 63.6272 -0.137113 0.99036 -0.0196918 -5.95741 -0.227694 -0.012164 0.973657 122.397
0.964564 0.131193 0.228922 63.8166 -0.130455 0.991283 -0.0184249 -5.98133 -0.229344 -0.012092 0.97327 123.237
0.965041 0.127755 0.228854 64.019 -0.126345 0.991767 -0.0208628 -5.99518 -0.229635 -0.00878115 0.973237 124.08
0.964983 0.127896 0.229021 64.2376 -0.126411 0.991751 -0.0212017 -6.01987 -0.229844 -0.00849162 0.973191 124.915
0.963663 0.131731 0.232379 64.4084 -0.130802 0.991217 -0.0194698 -6.02779 -0.232903 -0.0116335 0.97243 125.758
0.962767 0.135694 0.233808 64.606 -0.135422 0.990637 -0.0172951 -6.012 -0.233966 -0.0150115 0.972129 126.618
0.962156 0.138055 0.234941 64.7937 -0.138838 0.990226 -0.0132878 -6.03177 -0.234479 -0.0198337 0.971919 127.434
0.962411 0.135833 0.23519 64.9829 -0.1353 0.990632 -0.0184786 -6.073 -0.235497 -0.0140372 0.971774 128.273
0.963211 0.133474 0.23326 65.1806 -0.129229 0.99105 -0.0334594 -6.09974 -0.235638 0.00208461 0.971839 129.079
0.964048 0.131337 0.231003 65.391 -0.124969 0.991269 -0.0420495 -6.13665 -0.234509 0.0116694 0.972044 129.883
0.964372 0.128725 0.23112 65.5769 -0.124395 0.991675 -0.033277 -6.16435 -0.233479 0.00334136 0.972356 130.705
0.964923 0.122641 0.232129 65.7723 -0.123072 0.992317 -0.0126815 -6.20083 -0.2319 -0.0163318 0.972602 131.538
0.965051 0.120228 0.232855 65.9567 -0.124093 0.992269 0.00196585 -6.22034 -0.230818 -0.0307928 0.972509 132.392
0.965048 0.125581 0.230028 66.1643 -0.128266 0.991734 -0.00330346 -6.24713 -0.228541 -0.0263168 0.973179 133.201
0.964634 0.135017 0.226387 66.3382 -0.134176 0.990772 -0.0191683 -6.26342 -0.226886 -0.0118853 0.973849 134.009
0.963597 0.137648 0.229203 66.4604 -0.135661 0.990453 -0.0244808 -6.31802 -0.230385 -0.00750425 0.973071 134.823
0.964195 0.13387 0.228925 66.6118 -0.131374 0.990987 -0.0261822 -6.3249 -0.230367 -0.00483008 0.973092 135.678
0.964861 0.133677 0.226218 66.7883 -0.131399 0.99101 -0.0251684 -6.33771 -0.227549 -0.00544079 0.973751 136.487
0.966125 0.132401 0.221521 66.9797 -0.129648 0.991193 -0.02699 -6.361 -0.223143 -0.00264392 0.974782 137.29
0.967109 0.133871 0.216284 67.1481 -0.130841 0.990998 -0.0283361 -6.39116 -0.21813 -0.000894733 0.975919 138.086
0.967351 0.139684 0.211473 67.3383 -0.136896 0.990194 -0.0278416 -6.4308 -0.213288 -0.0020171 0.976987 138.86
0.9665 0.147443 0.210093 67.4861 -0.144887 0.989063 -0.0275907 -6.46232 -0.211864 -0.00377345 0.977292 139.681
0.966323 0.149797 0.209238 67.6406 -0.14787 0.988693 -0.0249158 -6.48644 -0.210604 -0.00686326 0.977547 140.508
0.966796 0.147945 0.20837 67.8118 -0.146913 0.988937 -0.0205087 -6.51096 -0.209099 -0.0107844 0.977835 141.314
0.966873 0.148051 0.207937 67.961 -0.147228 0.98891 -0.0195134 -6.55294 -0.20852 -0.0117473 0.977948 142.124
0.968157 0.144836 0.204193 68.1256 -0.143096 0.989434 -0.0233371 -6.57458 -0.205416 -0.00662534 0.978652 142.911
0.96991 0.140843 0.198592 68.2849 -0.138176 0.990032 -0.0272932 -6.59061 -0.200456 -0.000968729 0.979702 143.696
0.971506 0.13858 0.192279 68.4382 -0.135642 0.99035 -0.0284255 -6.6079 -0.194363 0.00153443 0.980928 144.474
0.972901 0.137684 0.185761 68.5907 -0.135582 0.990475 -0.0240311 -6.61152 -0.187301 -0.00180607 0.982301 145.26
0.973697 0.134905 0.183614 68.6829 -0.134381 0.990811 -0.0153503 -6.63438 -0.183997 -0.00972776 0.982879 146.061
0.975139 0.133178 0.17711 68.894 -0.13443 0.990911 -0.00496414 -6.66476 -0.176161 -0.0189682 0.984179 146.863
0.974671 0.138063 0.175939 68.9785 -0.140102 0.990137 -0.000837112 -6.70924 -0.174319 -0.0238336 0.984401 147.692
0.975028 0.143922 0.169138 69.1265 -0.144725 0.989442 -0.00763521 -6.67751 -0.168451 -0.017034 0.985563 148.484
0.97655 0.14438 0.159701 69.2669 -0.14283 0.98952 -0.0212071 -6.64528 -0.16109 -0.00210032 0.986938 149.295
0.977608 0.140608 0.156563 69.3294 -0.138355 0.990061 -0.0252528 -6.68344 -0.158558 0.00302598 0.987345 150.087
0.978763 0.141742 0.148092 69.4835 -0.139666 0.989899 -0.0243786 -6.69065 -0.150052 0.00317738 0.988673 150.876
0.97824 0.148472 0.144919 69.5112 -0.147352 0.988911 -0.018495 -6.75008 -0.146058 -0.00326152 0.989271 151.713
0.978339 0.154535 0.137739 69.5913 -0.153161 0.987987 -0.0205854 -6.75614 -0.139265 -0.000956803 0.990255 152.509
0.978956 0.157749 0.129459 69.656 -0.155727 0.987467 -0.0256574 -6.77605 -0.131884 0.00495724 0.991253 153.299
0.980498 0.154547 0.121401 69.7374 -0.152337 0.987951 -0.0273363 -6.78845 -0.124162 0.00830947 0.992227 154.1
0.981481 0.154783 0.112863 69.8235 -0.152971 0.987925 -0.0246 -6.8048 -0.115308 0.00687975 0.993306 154.912
0.982113 0.156348 0.104929 69.9089 -0.155421 0.987702 -0.0170068 -6.82497 -0.106298 0.000394423 0.994334 155.727
0.981878 0.161699 0.098836 69.9462 -0.161412 0.986826 -0.0109466 -6.83376 -0.099304 -0.00520514 0.995044 156.539
0.98294 0.159396 0.0917732 70.0004 -0.159327 0.987192 -0.00813212 -6.84166 -0.091894 -0.00662852 0.995747 157.358
0.983327 0.160785 0.0849508 70.0703 -0.160888 0.986956 -0.0056814 -6.85197 -0.0847562 -0.00808086 0.996369 158.182
0.983842 0.160387 0.079563 70.1413 -0.160318 0.987038 -0.00729692 -6.86717 -0.0797021 -0.00557637 0.996803 158.999
0.983394 0.165638 0.0741583 70.189 -0.165203 0.986186 -0.012014 -6.88562 -0.0751239 -0.000436602 0.997174 159.818
0.982248 0.174082 0.0698914 70.2256 -0.173209 0.984713 -0.0184142 -6.90001 -0.0720286 0.00598146 0.997385 160.625
0.982043 0.175855 0.068308 70.252 -0.174868 0.984384 -0.0202207 -6.91816 -0.0707972 0.00791269 0.997459 161.455
0.982133 0.176461 0.0653967 70.3049 -0.175952 0.984306 -0.0135091 -6.93835 -0.0667542 0.00176109 0.997768 162.289
0.981827 0.178235 0.0651842 70.3379 -0.178426 0.983949 -0.00291749 -6.95098 -0.0646579 -0.00876609 0.997869 163.123
0.981733 0.179737 0.0624129 70.3892 -0.180386 0.983584 0.00489243 -6.96495 -0.060509 -0.0160615 0.998038 163.958
0.982608 0.176766 0.0568847 70.4378 -0.177197 0.984172 0.00259344 -6.98274 -0.0555259 -0.0126282 0.998377 164.764
0.984967 0.165292 0.0501818 70.4773 -0.165188 0.986242 -0.00624095 -6.99368 -0.050523 -0.0021423 0.998721 165.574
0.98554 0.164243 0.0416607 70.5351 -0.16394 0.986413 -0.0105971 -6.99945 -0.0428351 0.00361401 0.999076 166.362
0.985138 0.168155 0.0350187 70.5541 -0.167964 0.985758 -0.00835035 -7.01339 -0.0359241 0.00234437 0.999352 167.192
0.985503 0.167319 0.0280691 70.5739 -0.167356 0.985896 -0.00106513 -7.03566 -0.0278514 -0.00364782 0.999605 168.016
0.986669 0.161564 0.0195204 70.6366 -0.161668 0.986838 0.00383722 -7.06286 -0.0186435 -0.00694189 0.999802 168.822
0.988433 0.150988 0.0142273 70.6525 -0.151117 0.98848 0.00842953 -7.04682 -0.0127907 -0.010482 0.999863 169.671
0.989 0.147514 0.0108812 70.6099 -0.147616 0.989002 0.00917793 -7.05488 -0.00940764 -0.0106832 0.999899 170.521
0.98952 0.144352 0.00358199 70.6048 -0.144365 0.989518 0.00368362 -7.0714 -0.0030127 -0.00416213 0.999987 171.36
0.990702 0.135906 -0.00630995 70.6217 -0.13594 0.990703 -0.00533696 -7.08014 0.00552596 0.00614511 0.999966 172.171
0.991875 0.126714 -0.0112866 70.5823 -0.126814 0.991889 -0.00867822 -7.09357 0.0100954 0.010039 0.999899 173.022
0.99126 0.130926 -0.0161694 70.5522 -0.130958 0.991387 -0.000963813 -7.10022 0.0159039 0.0030729 0.999869 173.874
0.989604 0.142432 -0.0199007 70.5218 -0.142184 0.98975 0.0133993 -7.1155 0.0216052 -0.0104304 0.999712 174.716
0.988539 0.149287 -0.0224735 70.4704 -0.14879 0.988616 0.0223513 -7.12575 0.0255544 -0.0187512 0.999498 175.555
0.988411 0.149639 -0.025543 70.4273 -0.149154 0.988613 0.019959 -7.12897 0.0282388 -0.0159179 0.999474 176.402
0.988213 0.149863 -0.031246 70.4109 -0.149581 0.988686 0.0111871 -7.13717 0.0325691 -0.00638137 0.999449 177.229
0.986232 0.161238 -0.0367247 70.3907 -0.161267 0.986908 0.00217942 -7.12863 0.0365954 0.00377309 0.999323 178.038
0.986141 0.160937 -0.0403157 70.3792 -0.161085 0.98694 -0.000425063 -7.1486 0.0397207 0.00691343 0.999187 178.85
0.986586 0.157192 -0.0440271 70.3875 -0.157156 0.987564 0.00428956 -7.1504 0.0441539 0.00268712 0.999021 179.696
0.986447 0.158656 -0.0418402 70.3296 -0.158259 0.987316 0.0126678 -7.15167 0.0433193 -0.00587455 0.999044 180.579
0.986213 0.160396 -0.040712 70.28 -0.159773 0.986987 0.0181283 -7.14943 0.04309 -0.0113737 0.999006 181.427
0.986208 0.160025 -0.0422486 70.2282 -0.159442 0.987064 0.0168409 -7.13762 0.044397 -0.0098724 0.998965 182.295
0.98671 0.155732 -0.0463832 70.1959 -0.155551 0.987799 0.00750734 -7.13009 0.0469865 -0.000192608 0.998896 183.154
0.988217 0.144296 -0.0510576 70.1781 -0.144694 0.989468 -0.00418535 -7.12741 0.0499159 0.0115238 0.998687 183.988
0.98957 0.132838 -0.055716 70.1745 -0.133547 0.991 -0.00918364 -7.12206 0.0539947 0.0165286 0.998404 184.81
0.989112 0.135941 -0.056375 70.1239 -0.136441 0.990635 -0.0050923 -7.12449 0.0551548 0.0127287 0.998397 185.658
0.988162 0.143294 -0.0547956 70.0487 -0.143122 0.98968 0.00707819 -7.15283 0.0552443 0.000848037 0.998473 186.537
0.988042 0.142534 -0.0588023 70.0405 -0.142148 0.989787 0.0107192 -7.16437 0.0597297 -0.00223239 0.998212 187.359
0.987601 0.145147 -0.0597974 69.9952 -0.145047 0.989406 0.00602748 -7.17243 0.0600388 0.00272068 0.998192 188.168
0.987537 0.145353 -0.0603581 69.9368 -0.145669 0.989333 -0.000842883 -7.17212 0.0595917 0.0096247 0.998176 189.009
0.986592 0.151904 -0.0596829 69.8525 -0.152306 0.988331 -0.00223096 -7.16964 0.0586475 0.0112911 0.998215 189.86
0.98602 0.155484 -0.0599061 69.8002 -0.155699 0.987804 0.00108929 -7.18527 0.0593448 0.00825326 0.998203 190.697
0.985295 0.159964 -0.0600467 69.7368 -0.160002 0.987108 0.00420573 -7.19507 0.0599454 0.00546372 0.998187 191.539
0.984812 0.163122 -0.0594662 69.6735 -0.162977 0.986603 0.0073056 -7.20136 0.0598612 0.002497 0.998204 192.371
0.984104 0.167344 -0.0594621 69.6102 -0.167235 0.985893 0.00683886 -7.19993 0.0597677 0.00321398 0.998207 193.198
0.984592 0.163132 -0.0629749 69.576 -0.163314 0.986572 0.00227193 -7.2095 0.0624999 0.00804777 0.998013 194.01
0.984058 0.16563 -0.0647823 69.5147 -0.166176 0.986091 -0.00308571 -7.21778 0.0633702 0.0138017 0.997895 194.826
0.983435 0.169303 -0.0647439 69.4416 -0.169879 0.985459 -0.0034492 -7.19982 0.0632185 0.0143907 0.997896 195.646
0.983544 0.16842 -0.0653875 69.3843 -0.168322 0.985707 0.00704099 -7.21398 0.0656388 0.00408106 0.997835 196.457
0.983698 0.167109 -0.0664275 69.3336 -0.166496 0.985933 0.0147002 -7.21216 0.0679496 -0.00340066 0.997683 197.264
0.984586 0.161711 -0.0666281 69.2801 -0.161003 0.986826 0.0158914 -7.2172 0.0683202 -0.00491916 0.997651 198.04
0.984829 0.159746 -0.0677665 69.2141 -0.159482 0.987157 0.00931596 -7.22301 0.0683843 0.00163291 0.997658 198.787
0.984487 0.161896 -0.0676345 69.1612 -0.161939 0.986789 0.00488209 -7.22687 0.0675313 0.0061463 0.997698 199.532
0.984311 0.162672 -0.0683392 69.1176 -0.163118 0.986606 -0.000949218 -7.2447 0.0672695 0.0120817 0.997662 200.244
