0.0041403 0.0257155 0.999661 -0.0080546 -0.0148655 -0.999557 0.0257744 -0.0652229 0.999881 -0.0149672 -0.00375619 0.0207064
0.00412491 0.0257658 0.999659 -0.00748573 -0.0149236 -0.999555 0.0258246 -0.0654206 0.99988 -0.0150251 -0.00373855 0.0210725
0.00495457 0.02512 0.999672 -0.00769806 -0.0133164 -0.999594 0.0251841 -0.065077 0.999899 -0.0134368 -0.00461805 0.021914
0.00419038 0.0262368 0.999647 -0.00759992 -0.0153871 -0.999536 0.0262984 -0.0657679 0.999873 -0.0154918 -0.00378473 0.0211051
0.00415825 0.0256858 0.999661 -0.00764222 -0.014872 -0.999558 0.025745 -0.0654172 0.999881 -0.014974 -0.00377441 0.0211081
0.00402166 0.0258205 0.999659 -0.00770111 -0.0151848 -0.99955 0.0258787 -0.0655726 0.999877 -0.0152837 -0.00362777 0.0210196
0.00418132 0.0258491 0.999657 -0.00776749 -0.0153721 -0.999546 0.0259105 -0.0654226 0.999873 -0.0154752 -0.00378207 0.0207083
0.0040282 0.0257039 0.999661 -0.00724171 -0.0148558 -0.999558 0.0257611 -0.0652842 0.999882 -0.0149546 -0.00364457 0.0210306
0.008765 0.0256735 0.999632 -0.00731088 -0.0173542 -0.999516 0.0258227 -0.0653587 0.999811 -0.0175742 -0.00831521 0.023196
0.00417341 0.0258241 0.999658 -0.00750475 -0.0150293 -0.999552 0.0258841 -0.0654664 0.999878 -0.0151322 -0.00378342 0.0210847
0.00406688 0.0258802 0.999657 -0.0069453 -0.0155608 -0.999542 0.0259405 -0.0654077 0.999871 -0.015661 -0.00366231 0.0205692
0.00416091 0.0257467 0.99966 -0.00751186 -0.0148863 -0.999556 0.025806 -0.065423 0.999881 -0.0149886 -0.00377579 0.0211253
0.00405112 0.0260023 0.999654 -0.00694217 -0.0156887 -0.999537 0.0260629 -0.065594 0.999869 -0.0157888 -0.00364131 0.0205631
0.00412591 0.0256803 0.999662 -0.00756184 -0.0148864 -0.999558 0.0257391 -0.0654286 0.999881 -0.0149876 -0.0037418 0.0210996
0.00405769 0.025976 0.999654 -0.00701495 -0.0157485 -0.999537 0.0260369 -0.0655955 0.999868 -0.0158487 -0.00364673 0.0205634
0.00414975 0.0257287 0.99966 -0.00754312 -0.0149817 -0.999555 0.0257882 -0.0654235 0.999879 -0.0150837 -0.00376244 0.0210848
0.00407568 0.0259752 0.999654 -0.00699117 -0.0157117 -0.999538 0.0260363 -0.0655255 0.999868 -0.0158124 -0.00366568 0.020555
0.00414265 0.0257648 0.999659 -0.00751344 -0.0149062 -0.999555 0.0258239 -0.0654707 0.99988 -0.0150081 -0.00375676 0.0210985
0.00405307 0.0259717 0.999654 -0.00696959 -0.0157007 -0.999538 0.0260324 -0.0655504 0.999869 -0.0158008 -0.00364342 0.020531
0.00415065 0.0256544 0.999662 -0.0075352 -0.0148631 -0.999559 0.0257135 -0.0654089 0.999881 -0.0149648 -0.00376751 0.0211018
0.00408213 0.0259998 0.999654 -0.00701393 -0.0157924 -0.999536 0.0260612 -0.0655312 0.999867 -0.0158933 -0.00366963 0.0205623
0.00415091 0.0256692 0.999662 -0.007574 -0.0148071 -0.999559 0.0257281 -0.0654168 0.999882 -0.0149089 -0.00376899 0.0211135
0.00405354 0.02595 0.999655 -0.00699765 -0.0157295 -0.999538 0.0260107 -0.0654928 0.999868 -0.0158295 -0.00364349 0.0205953
0.00410982 0.0257294 0.99966 -0.00749974 -0.0149302 -0.999556 0.0257881 -0.0654032 0.99988 -0.0150311 -0.00372385 0.021057
0.00405866 0.0259845 0.999654 -0.00692713 -0.0156782 -0.999538 0.0260451 -0.0655318 0.999869 -0.0157785 -0.00364939 0.0205655
0.00414849 0.0257058 0.999661 -0.00744368 -0.0149387 -0.999556 0.0257651 -0.0653497 0.99988 -0.0150405 -0.00376264 0.02111
0.00409131 0.0259729 0.999654 -0.00694265 -0.0156191 -0.999539 0.0260339 -0.06551 0.99987 -0.0157202 -0.00368375 0.0205649
0.00413542 0.0256911 0.999661 -0.00757909 -0.0149406 -0.999557 0.0257502 -0.0654192 0.99988 -0.015042 -0.00374975 0.0210933
0.00406371 0.0259943 0.999654 -0.00697902 -0.0158153 -0.999535 0.0260555 -0.0656231 0.999867 -0.0159157 -0.00365071 0.0205739
0.00415008 0.0257153 0.999661 -0.00753916 -0.0149349 -0.999556 0.0257746 -0.0654291 0.99988 -0.0150368 -0.00376418 0.0211197
0.00404985 0.025963 0.999655 -0.00693867 -0.0157225 -0.999538 0.0260237 -0.0655695 0.999868 -0.0158224 -0.00363978 0.020539
0.00413111 0.025688 0.999661 -0.00752979 -0.0147697 -0.999559 0.0257464 -0.0654058 0.999882 -0.0148711 -0.00374989 0.0211555
0.00404826 0.0260084 0.999654 -0.0070255 -0.0156686 -0.999537 0.0260688 -0.0655462 0.999869 -0.0157687 -0.00363887 0.0205397
0.00417099 0.0257559 0.99966 -0.00757966 -0.0149566 -0.999555 0.0258156 -0.0654634 0.999879 -0.0150592 -0.00378391 0.0210792
0.0040407 0.0260051 0.999654 -0.00696905 -0.0157338 -0.999536 0.0260656 -0.0655678 0.999868 -0.0158336 -0.00362967 0.0205523
0.00415291 0.0256479 0.999662 -0.00751544 -0.0148695 -0.999559 0.025707 -0.0653818 0.999881 -0.0149712 -0.00376971 0.0211165
0.00405949 0.0259761 0.999654 -0.00701095 -0.0157216 -0.999537 0.0260369 -0.0655344 0.999868 -0.0158219 -0.00364922 0.0205272
0.00411461 0.0256457 0.999663 -0.0076577 -0.0147449 -0.999561 0.0257038 -0.0654563 0.999883 -0.0148457 -0.00373466 0.0211208
0.00406712 0.0259929 0.999654 -0.00697308 -0.0156457 -0.999538 0.0260536 -0.0655213 0.999869 -0.0157462 -0.00365856 0.0205603
0.00414025 0.02576 0.99966 -0.00758496 -0.0147865 -0.999557 0.0258186 -0.0654642 0.999882 -0.0148884 -0.00375751 0.0211132
0.00408302 0.0259513 0.999655 -0.00697376 -0.0156064 -0.99954 0.026012 -0.0655265 0.99987 -0.0157072 -0.00367614 0.0205612
0.00417184 0.0256863 0.999661 -0.0075275 -0.0149277 -0.999557 0.025746 -0.0653977 0.99988 -0.01503 -0.00378655 0.0211132
0.00407511 0.0259587 0.999655 -0.00697227 -0.0156441 -0.999539 0.0260195 -0.0655394 0.999869 -0.0157447 -0.00366713 0.0205494
0.00414623 0.0256956 0.999661 -0.00763911 -0.0148614 -0.999558 0.0257546 -0.0654507 0.999881 -0.0149632 -0.00376253 0.0211317
0.00405343 0.0259526 0.999655 -0.0069697 -0.0156106 -0.99954 0.0260129 -0.06552 0.99987 -0.0157107 -0.00364643 0.0204978
0.0041627 0.0257267 0.99966 -0.00752404 -0.0149492 -0.999556 0.0257862 -0.0654178 0.99988 -0.0150515 -0.00377626 0.0210971
0.0040673 0.0259844 0.999654 -0.00696256 -0.0157088 -0.999537 0.0260453 -0.0655753 0.999868 -0.0158093 -0.00365723 0.0205141
0.00410927 0.0257158 0.999661 -0.00756692 -0.0148602 -0.999557 0.0257743 -0.0654591 0.999881 -0.014961 -0.00372531 0.0210759
0.00403759 0.0260131 0.999653 -0.00690073 -0.0157273 -0.999536 0.0260736 -0.0655481 0.999868 -0.0158271 -0.0036266 0.0205128
0.00418667 0.0257372 0.99966 -0.00763368 -0.0147826 -0.999558 0.0257965 -0.0655353 0.999882 -0.0148856 -0.00380435 0.02112
0.00408574 0.0259883 0.999654 -0.00700569 -0.0157358 -0.999537 0.0260495 -0.0655413 0.999868 -0.0158368 -0.0036749 0.0205137
0.00417856 0.0257383 0.99966 -0.0076461 -0.0147725 -0.999558 0.0257975 -0.0655207 0.999882 -0.0148753 -0.00379649 0.0211171
0.00405286 0.026025 0.999653 -0.0070144 -0.0158202 -0.999535 0.026086 -0.0655105 0.999867 -0.0159204 -0.00363925 0.0205295
0.00409172 0.0257379 0.99966 -0.00759418 -0.0148054 -0.999558 0.0257958 -0.0654949 0.999882 -0.0149059 -0.00370885 0.0211091
0.00394912 0.0256061 0.999664 -0.00802886 -0.0143162 -0.999568 0.0256602 -0.0652931 0.99989 -0.0144127 -0.00358083 0.021148
0.0040031 0.0258636 0.999657 -0.00760381 -0.0147544 -0.999555 0.02592 -0.0655323 0.999883 -0.0148531 -0.00361971 0.0210548
0.00390772 0.0257719 0.99966 -0.00726462 -0.0143238 -0.999564 0.0258254 -0.0654362 0.99989 -0.0144198 -0.00353686 0.0209582
0.00400489 0.0258917 0.999657 -0.00764232 -0.0148549 -0.999553 0.0259485 -0.0655425 0.999882 -0.0149537 -0.00361848 0.0210035
0.00394556 0.0256921 0.999662 -0.0068762 -0.0146476 -0.999561 0.0257474 -0.0653749 0.999885 -0.0147443 -0.0035675 0.0208898
0.0087892 0.025799 0.999629 -0.00633005 -0.0162536 -0.999531 0.0259394 -0.0654663 0.999829 -0.0164756 -0.00836576 0.0236038
0.00905482 0.0264082 0.99961 -0.00670086 -0.0182292 -0.999481 0.0265699 -0.0665074 0.999793 -0.0184627 -0.00856872 0.0225889
0.00963698 0.0273467 0.99958 -0.00681146 -0.0171771 -0.999474 0.0275094 -0.0668494 0.999806 -0.0174349 -0.00916217 0.0232644
0.00942213 0.0259407 0.999619 -0.00661065 -0.0173253 -0.999509 0.0261011 -0.0663775 0.999806 -0.0175646 -0.00896808 0.022754
0.00431374 0.0261054 0.99965 -0.00732026 -0.0152152 -0.999542 0.0261682 -0.0656151 0.999875 -0.0153228 -0.00391456 0.0210885
0.00914991 0.0253323 0.999637 -0.00731443 -0.0170885 -0.999529 0.025486 -0.0651065 0.999812 -0.0173155 -0.00871271 0.0227757
0.00403452 0.0258735 0.999657 -0.0074734 -0.0155254 -0.999543 0.0259332 -0.0654229 0.999871 -0.0156247 -0.00363098 0.0209541
0.00487788 0.0262057 0.999645 -0.00719533 -0.0168224 -0.999513 0.0262843 -0.065532 0.999847 -0.0169446 -0.00443466 0.0217888
0.00205551 0.0264877 0.999647 -0.00785227 -0.0199146 -0.99945 0.0265235 -0.0652249 0.9998 -0.0199621 -0.00152688 0.0204858
0.00341566 0.0269846 0.99963 -0.00723347 -0.0187504 -0.999458 0.027044 -0.0662136 0.999818 -0.0188359 -0.00290784 0.0207973
0.00656942 0.0271175 0.999611 -0.00652773 -0.0178048 -0.999471 0.0272307 -0.0663586 0.99982 -0.0179767 -0.00608312 0.0216633
0.0034517 0.0273955 0.999619 -0.00870592 -0.0193177 -0.999436 0.0274572 -0.0659915 0.999807 -0.0194051 -0.00292053 0.0207137
0.00572002 0.0265718 0.999631 -0.00640715 -0.017677 -0.999488 0.0266692 -0.0664763 0.999827 -0.017823 -0.00524738 0.0214144
0.00502877 0.0254425 0.999664 -0.00643858 -0.0169686 -0.99953 0.0255245 -0.0649823 0.999843 -0.0170913 -0.00459469 0.0211828
0.00487627 0.0274477 0.999611 -0.00671939 -0.0183346 -0.999453 0.0275327 -0.0663382 0.99982 -0.0184617 -0.00437036 0.0214063
0.00360871 0.028901 0.999576 -0.00803801 -0.0195454 -0.999389 0.0289662 -0.0656923 0.999802 -0.0196416 -0.00304163 0.0214789
0.0023292 0.0312409 0.999509 -0.0067635 -0.0181816 -0.999345 0.0312782 -0.0648373 0.999832 -0.0182455 -0.00175967 0.0220281
0.00400877 0.0353877 0.999366 -0.00346009 -0.0201468 -0.999168 0.0354615 -0.0628019 0.999789 -0.0202762 -0.00329248 0.0213546
0.00818071 0.0340033 0.999388 0.0031952 -0.012642 -0.999338 0.0341051 -0.0595706 0.999887 -0.0129133 -0.00774543 0.0261064
0.0129054 0.0368615 0.999237 -0.00037484 -0.0139268 -0.999217 0.0370406 -0.0585449 0.99982 -0.0143942 -0.012382 0.0299734
0.0157233 0.040332 0.999063 -0.00355027 -0.011405 -0.999114 0.0405136 -0.0568806 0.999811 -0.0120314 -0.0152493 0.0382395
0.00707143 0.0442069 0.998997 -0.00756585 -0.0145766 -0.998912 0.0443063 -0.0571673 0.999869 -0.0148753 -0.00641935 0.0462177
-0.00394475 0.0510546 0.998688 -0.00930258 -0.0184365 -0.99853 0.0509737 -0.0569207 0.999822 -0.0182113 0.00488022 0.0535795
-0.0146459 0.0562475 0.998309 0.000509452 -0.0191975 -0.998248 0.0559624 -0.0477119 0.999708 -0.0183454 0.0157001 0.073737
-0.0201778 0.0637063 0.997765 -0.0168233 -0.0218369 -0.997758 0.0632642 -0.0549075 0.999558 -0.0205115 0.0215237 0.095303
-0.021239 0.0717379 0.997197 -0.00878888 -0.0246809 -0.997156 0.0712093 -0.0467546 0.99947 -0.0230993 0.0229491 0.112723
-0.0169551 0.0809029 0.996578 -0.0178316 -0.0307048 -0.996293 0.0803574 -0.0490559 0.999385 -0.0292372 0.0193763 0.134334
-0.00757338 0.0866555 0.99621 -0.0336499 -0.0366157 -0.995594 0.0863236 -0.0403376 0.999301 -0.0358232 0.010713 0.159089
-0.00163286 0.0961856 0.995362 -0.0350935 -0.0449423 -0.994365 0.0960155 -0.0412334 0.998988 -0.044577 0.00594645 0.184325
-0.00501367 0.104311 0.994532 -0.0453947 -0.0491445 -0.993369 0.103941 -0.0583466 0.998779 -0.0483546 0.0101067 0.181257
-0.0146285 0.110969 0.993716 -0.0378671 -0.0458283 -0.992853 0.110198 -0.0665148 0.998842 -0.0439283 0.0196094 0.18013
-0.0175873 0.113667 0.993363 -0.0632846 -0.0389823 -0.992839 0.112916 -0.0457565 0.999085 -0.0367377 0.0218924 0.263008
-0.0372455 0.12104 0.991949 -0.0525766 -0.0404314 -0.992007 0.119529 -0.023677 0.998488 -0.0356539 0.0418417 0.202964
-0.0459886 0.130539 0.990376 -0.0580013 -0.045456 -0.990671 0.128467 -0.0214552 0.997907 -0.0391105 0.0514934 0.229467
-0.0521089 0.142188 0.988467 -0.0831301 -0.0559763 -0.988672 0.139267 -0.0285243 0.997071 -0.0480737 0.0594777 0.264137
-0.0586233 0.145669 0.987595 -0.0695413 -0.0680056 -0.987581 0.14163 -0.00919426 0.995961 -0.0588592 0.0678016 0.303282
-0.0731059 0.151272 0.985785 -0.0719194 -0.0770516 -0.986332 0.145642 -0.0286066 0.994343 -0.065309 0.0837625 0.259581
-0.0692955 0.14613 0.986835 -0.0987881 -0.0817186 -0.98672 0.140375 0.0403465 0.994244 -0.0709154 0.0803168 0.353558
-0.0787399 0.151004 0.985392 -0.0842253 -0.0780265 -0.986362 0.144918 -0.0281692 0.993837 -0.0654759 0.0894484 0.307926
-0.0839877 0.144672 0.985909 -0.0777292 -0.0784259 -0.987295 0.138194 0.0446173 0.993376 -0.0657142 0.0942666 0.295843
-0.0826428 0.146039 0.985821 -0.0446677 -0.0771005 -0.987177 0.139776 0.0184459 0.993592 -0.0644558 0.0928427 0.318401
-0.0876649 0.140836 0.986144 -0.0391792 -0.0740897 -0.988135 0.134534 0.0161258 0.993391 -0.0612692 0.0970593 0.314482
-0.0935879 0.130331 0.987044 -0.049185 -0.0665849 -0.989995 0.124407 0.0121827 0.993382 -0.0540792 0.10133 0.308712
-0.0974788 0.123766 0.987512 -0.0404472 -0.0648155 -0.99092 0.117795 0.0117841 0.993125 -0.0525236 0.104616 0.301264
-0.0974677 0.122555 0.987664 -0.0613327 -0.0605719 -0.99128 0.117026 -0.0101929 0.993394 -0.0484184 0.104041 0.291301
-0.09552 0.11419 0.988856 -0.0483218 -0.0574612 -0.992375 0.109046 0.0454113 0.993768 -0.0464048 0.101353 0.266168
-0.0882486 0.115818 0.989342 -0.00408163 -0.0521405 -0.992393 0.111524 0.00616036 0.994733 -0.041743 0.0936161 0.232549
-0.0722329 0.111716 0.991111 -0.0194076 -0.0477733 -0.992954 0.108442 0.0167119 0.996243 -0.0395156 0.077061 0.232651
-0.0521138 0.109008 0.992674 -0.0440367 -0.034587 -0.993625 0.107297 -0.0208017 0.998042 -0.028742 0.0555518 0.239232
-0.037805 0.108716 0.993354 -0.000100759 -0.0277079 -0.993796 0.10771 -0.054133 0.998901 -0.0234518 0.0405828 0.194298
-0.0210778 0.100223 0.994742 -0.000810313 -0.0204356 -0.994798 0.0997955 -0.0190983 0.999569 -0.0182246 0.0230163 0.180574
-0.00741047 0.101132 0.994845 -0.0248505 -0.0160039 -0.994757 0.101004 -0.046299 0.999844 -0.0151729 0.00899012 0.208027
-0.0024225 0.0995053 0.995034 0.00283341 -0.0124032 -0.994963 0.099468 -0.0336039 0.99992 -0.0121007 0.00364449 0.176726
0.00153156 0.102053 0.994778 -0.0407674 -0.00983167 -0.994729 0.102063 -0.0679987 0.99995 -0.00993664 -0.000520131 0.161081
0.00288453 0.0987228 0.995111 -0.0318777 -0.00433691 -0.995104 0.0987347 -0.0539078 0.999986 -0.00460051 -0.00244226 0.172962
0.00290108 0.0936915 0.995597 -0.0271861 0.00658335 -0.995581 0.0936708 -0.0554783 0.999974 0.00628262 -0.00350506 0.160157
0.00146179 0.0902693 0.995916 -0.00506231 0.0163289 -0.995787 0.0902336 -0.0584323 0.999866 0.0161303 -0.00292963 0.127625
0.000156696 0.083025 0.996547 0.0337317 0.0288351 -0.996133 0.082986 -0.0166653 0.999584 0.0287226 -0.00255013 0.0493827
0.00571313 0.0834181 0.996498 0.0333172 0.0390993 -0.995771 0.0831331 -0.0163909 0.999219 0.0384874 -0.00895056 0.0433676
0.0158023 0.0854362 0.996218 0.0281927 0.051761 -0.995077 0.0845173 -0.0158375 0.998534 0.0502297 -0.0201468 0.0473536
0.020052 0.0922193 0.995537 0.022637 0.0401669 -0.995007 0.0913612 -0.0172019 0.998992 0.0381557 -0.023656 0.0567273
0.0226857 0.0999217 0.994737 0.0171975 0.0341333 -0.99449 0.0991185 -0.0201069 0.99916 0.0317051 -0.0259714 0.0738152
0.0239605 0.103546 0.994336 0.0097349 0.0350136 -0.994098 0.102678 -0.0192633 0.9991 0.0323551 -0.0274447 0.0970049
0.0199135 0.111091 0.993611 -0.00195248 0.0261256 -0.993526 0.110558 -0.0183538 0.99946 0.0237571 -0.0226869 0.121534
0.0134053 0.117953 0.992929 -0.00883772 0.0188893 -0.992871 0.117691 -0.0211449 0.999732 0.0171781 -0.0155378 0.150157
0.00583623 0.121418 0.992584 -0.0137785 0.012701 -0.99253 0.121336 -0.0195723 0.999902 0.0118987 -0.00733476 0.187587
-0.00746067 0.125232 0.992099 -0.0268241 0.00747745 -0.992092 0.125287 -0.0222057 0.999944 0.0083531 0.00646526 0.214189
-0.0224171 0.124796 0.991929 -0.0274937 0.00534007 -0.992149 0.124944 0.0178242 0.999734 0.00809786 0.0215747 0.24614
-0.0377534 0.126895 0.991197 -0.0397416 0.00243784 -0.99189 0.127076 -0.0151541 0.999284 0.00721393 0.0371378 0.28277
-0.0515808 0.123354 0.991021 -0.0580675 -0.00283514 -0.992356 0.123372 -0.0240271 0.998665 0.00355395 0.0515362 0.295348
-0.0642389 0.113175 0.991496 -0.047637 -0.00506477 -0.993573 0.113083 -0.0149954 0.997922 0.00224266 0.0643992 0.312089
-0.0626509 0.101632 0.992847 -0.116999 -0.00357388 -0.994818 0.101608 -0.0130393 0.998029 0.0028175 0.0626895 0.380371
-0.0794851 0.0831816 0.993359 -0.0998803 -0.00211223 -0.996524 0.0832776 0.0248511 0.996834 0.00452113 0.0793845 0.327895
-0.0824987 0.0714421 0.994027 -0.106881 0.00035639 -0.997425 0.0717159 0.0249993 0.996591 0.00627073 0.0822608 0.342708
-0.0836651 0.0736552 0.993768 -0.134687 -0.00252807 -0.997277 0.0737024 0.0158083 0.996491 0.00365401 0.0836235 0.362121
-0.0875318 0.0781293 0.993093 -0.0999134 -0.00426137 -0.99694 0.0780563 0.0302598 0.996153 0.00260047 0.0875969 0.358369
-0.0901585 0.0866756 0.992149 -0.107336 -0.00763709 -0.996237 0.0863387 0.0303781 0.995898 0.000207043 0.0904811 0.363961
-0.0924719 0.0879626 0.991822 -0.127648 -0.00298939 -0.99611 0.0880642 0.0295647 0.995711 0.00517852 0.0923752 0.36572
-0.0973006 0.0861639 0.991518 -0.113148 0.00114242 -0.996235 0.0866859 0.0255738 0.995254 0.00956732 0.0968358 0.370349
-0.0979293 0.079866 0.991984 -0.106997 0.00917755 -0.99666 0.0811485 0.0773472 0.995151 0.0170508 0.0968692 0.371273
-0.103106 0.0855741 0.990982 -0.0866212 0.0123617 -0.996105 0.0873026 0.03677 0.994594 0.0212516 0.101646 0.326476
-0.0946217 0.0862496 0.99177 -0.116319 0.0137577 -0.996031 0.0879328 0.0483137 0.995418 0.0219648 0.0930596 0.35625
-0.0917794 0.0930244 0.991425 -0.0747855 0.0181549 -0.995305 0.0950691 0.0165748 0.995614 0.0267246 0.0896596 0.291709
-0.077593 0.094471 0.992499 -0.0577165 0.0243927 -0.995023 0.0966182 0.0364379 0.996687 0.0317066 0.0749024 0.277591
-0.0549297 0.104496 0.993007 -0.0581242 0.0272973 -0.99398 0.106109 0.00453808 0.998117 0.032935 0.0517465 0.294394
-0.0351374 0.110976 0.993202 -0.0245306 0.0272492 -0.99334 0.111956 0.00923558 0.999011 0.0309978 0.0318794 0.2558
-0.0129421 0.123266 0.992289 -0.0498036 0.0214213 -0.99211 0.123523 -0.016573 0.999687 0.0228547 0.0101995 0.204235
0.00502844 0.130398 0.991449 -0.0200236 0.0156256 -0.991351 0.130306 -0.0191146 0.999865 0.0148367 -0.00702249 0.195543
0.0201949 0.134621 0.990691 -0.0230672 0.0184343 -0.990775 0.134257 -0.0239858 0.999626 0.0155514 -0.0224902 0.176722
0.0278332 0.136581 0.990238 -0.0245856 0.0126652 -0.99059 0.136273 -0.0303756 0.999532 0.00874868 -0.0293011 0.156778
0.0311576 0.13414 0.990472 -0.00750458 0.0102898 -0.990944 0.13388 -0.0330908 0.999462 0.00602036 -0.0322557 0.13983
0.0346848 0.132028 0.990639 -0.00688998 0.00909972 -0.991236 0.131789 -0.0800495 0.999357 0.00444347 -0.0355823 0.177831
0.0297323 0.125755 0.991616 0.000319679 0.00499245 -0.992061 0.125662 -0.0789518 0.999545 0.00121438 -0.0301241 0.16239
0.0245277 0.120927 0.992358 -0.0266635 0.00454026 -0.99266 0.120851 -0.0974238 0.999689 0.00154137 -0.0248967 0.153879
0.0172565 0.11091 0.993681 -0.0231043 0.00582356 -0.993823 0.110825 -0.100017 0.999834 0.00387432 -0.0177958 0.14051
0.0144774 0.103935 0.994479 -0.0259877 0.014352 -0.994502 0.103728 -0.106617 0.999792 0.012771 -0.0158894 0.135831
0.012264 0.096785 0.99523 -0.0208844 0.0156706 -0.995201 0.0965891 -0.10602 0.999802 0.0144112 -0.0137218 0.130466
0.0120899 0.0926779 0.995623 -0.0203891 0.0195891 -0.995526 0.0924311 -0.115925 0.999735 0.0183859 -0.0138513 0.125792
0.0178743 0.0857525 0.996156 -0.025846 0.0168061 -0.9962 0.0854547 -0.127362 0.999699 0.015214 -0.0192475 0.126529
0.0224679 0.0801519 0.996529 -0.0305476 0.0117816 -0.996733 0.0799027 -0.144574 0.999678 0.00994549 -0.0233389 0.130867
0.0255969 0.0736433 0.996956 -0.0314641 0.00316143 -0.997284 0.0735863 -0.154918 0.999667 0.00126822 -0.0257602 0.133846
0.0247339 0.066412 0.997486 -0.0362578 -0.00371835 -0.997778 0.0665236 -0.180121 0.999687 -0.00535439 -0.024432 0.132822
0.0239061 0.0584991 0.998001 -0.0657474 -0.00948339 -0.998228 0.0587396 -0.212154 0.999669 -0.0108687 -0.023309 0.145835
0.0180785 0.0520696 0.99848 -0.072087 -0.0121635 -0.998558 0.0522939 -0.237523 0.999763 -0.0130904 -0.0174191 0.149916
0.00411084 0.0417968 0.999118 -0.0617902 -0.0207761 -0.998907 0.0418734 -0.232488 0.999776 -0.0209299 -0.00323797 0.114403
0.00403261 0.042588 0.999085 -0.0989137 -0.0267094 -0.998732 0.0426808 -0.345312 0.999635 -0.026857 -0.00289 0.209781
-0.00745678 0.0356396 0.999337 -0.0694063 -0.0373318 -0.998678 0.0353376 -0.35377 0.999275 -0.0370436 0.00877741 0.192975
-0.0207281 0.0260215 0.999446 -0.0524823 -0.0475055 -0.998558 0.0250132 -0.340142 0.998656 -0.0469607 0.0219344 0.167524
-0.0303321 0.0157273 0.999416 -0.060757 -0.0569815 -0.998277 0.01398 -0.33904 0.997914 -0.0565242 0.031176 0.158153
-0.0331119 0.0127788 0.99937 -0.124816 -0.0584096 -0.998234 0.010829 -0.439251 0.997743 -0.0580142 0.0337998 0.21743
-0.0416889 0.0053572 0.999116 -0.121214 -0.0624112 -0.998047 0.00274731 -0.479415 0.997179 -0.0622415 0.0419418 0.209925
-0.0486572 -0.00761913 0.998786 -0.133133 -0.0648359 -0.997838 -0.0107705 -0.449182 0.996709 -0.0652813 0.048058 0.20395
-0.0539249 -0.0118635 0.998475 -0.131686 -0.0636836 -0.997853 -0.0152954 -0.580202 0.996512 -0.0644113 0.0530536 0.187474
-0.0588996 -0.0272839 0.997891 -0.128926 -0.0582983 -0.997826 -0.0307231 -0.544546 0.99656 -0.059985 0.057181 0.17166
-0.0534413 -0.0367503 0.997895 -0.139024 -0.056631 -0.997603 -0.0397724 -0.567587 0.996964 -0.0586372 0.0512319 0.218239
-0.0515295 -0.0404294 0.997853 -0.150233 -0.0599962 -0.99725 -0.0435032 -0.600044 0.996868 -0.0621091 0.0489622 0.198543
-0.0441891 -0.0465936 0.997936 -0.159341 -0.0606939 -0.996941 -0.0492347 -0.663197 0.997178 -0.0627443 0.041226 0.191007
-0.0346876 -0.0596385 0.997617 -0.197736 -0.0674235 -0.995804 -0.0618745 -0.685021 0.997121 -0.0694092 0.030521 0.190187
-0.0340536 -0.0773495 0.996422 -0.15024 -0.0769015 -0.993842 -0.0797774 -0.664846 0.996457 -0.0793431 0.0278956 0.122257
-0.027347 -0.0941043 0.995187 -0.157615 -0.0846907 -0.991761 -0.0961077 -0.683646 0.996032 -0.0869113 0.019152 0.125218
-0.0284311 -0.108629 0.993676 -0.108654 -0.0936779 -0.989413 -0.110844 -0.699171 0.995197 -0.0962368 0.0179539 0.112284
-0.0250949 -0.119456 0.992522 -0.159607 -0.102754 -0.987268 -0.121422 -0.792685 0.99439 -0.105032 0.0125008 0.156046
-0.0390426 -0.141527 0.989164 -0.0939315 -0.101397 -0.984248 -0.144826 -0.770715 0.99408 -0.105953 0.0240771 0.0735866
-0.047128 -0.159125 0.986133 -0.0721193 -0.093384 -0.982204 -0.162954 -0.792456 0.994514 -0.0997687 0.0314296 0.0672653
-0.0556905 -0.177605 0.982525 -0.0861368 -0.094609 -0.978686 -0.182274 -0.796333 0.993956 -0.103107 0.0377004 0.0681721
-0.0574072 -0.189354 0.980229 -0.0981811 -0.0941486 -0.976446 -0.194137 -0.807149 0.993902 -0.103432 0.0382276 0.11985
-0.062183 -0.196329 0.978564 -0.099608 -0.0933123 -0.975024 -0.201548 -0.815037 0.993693 -0.103845 0.0423099 0.124619
-0.0619151 -0.202841 0.977252 -0.098363 -0.0900416 -0.974003 -0.207871 -0.805175 0.994012 -0.100864 0.0420414 0.130168
-0.0666277 -0.206119 0.976256 -0.0308465 -0.0910305 -0.973094 -0.211665 -0.7632 0.993617 -0.102972 0.0460719 0.0946033
-0.0629584 -0.20313 0.977126 -0.0713123 -0.0885715 -0.974067 -0.208202 -0.768548 0.994078 -0.0996535 0.0433341 0.119699
-0.0633132 -0.198032 0.978149 -0.0609412 -0.0869065 -0.975298 -0.20308 -0.74684 0.994203 -0.0978651 0.0445389 0.117393
-0.0613279 -0.191265 0.979621 -0.0641982 -0.081949 -0.97719 -0.19592 -0.726788 0.994748 -0.0922943 0.044255 0.127879
-0.0522537 -0.177405 0.98275 -0.125924 -0.0805824 -0.980136 -0.181218 -0.747581 0.995377 -0.0886616 0.03692 0.186282
-0.0545002 -0.171283 0.983713 -0.04258 -0.0842243 -0.980878 -0.175455 -0.653999 0.994955 -0.0924149 0.0390319 0.150946
-0.04905 -0.157207 0.986347 -0.0437312 -0.0886108 -0.982956 -0.161074 -0.610789 0.994858 -0.0953016 0.0342837 0.164583
-0.0479934 -0.142952 0.988565 -0.0309094 -0.094115 -0.984655 -0.146955 -0.60599 0.994404 -0.100092 0.0338031 0.172428
-0.0507556 -0.134595 0.9896 -0.006323 -0.0960015 -0.985631 -0.138979 -0.577441 0.994086 -0.102057 0.037105 0.164669
-0.0510213 -0.124789 0.990871 -0.0155478 -0.0887137 -0.987674 -0.128954 -0.579871 0.99475 -0.0944832 0.039322 0.193238
-0.0565984 -0.111007 0.992207 -0.0552668 -0.0913955 -0.989051 -0.115868 -0.563544 0.994205 -0.0972411 0.0458331 0.154979
-0.056703 -0.101251 0.993244 -0.0148104 -0.0890246 -0.990369 -0.10604 -0.519935 0.994414 -0.094436 0.0471431 0.178609
-0.0556781 -0.0869867 0.994652 -0.0392896 -0.0873956 -0.991949 -0.0916425 -0.511994 0.994616 -0.0920307 0.0476276 0.187385
-0.0527365 -0.0749491 0.995792 -0.0194402 -0.0852857 -0.993198 -0.0792705 -0.451053 0.99496 -0.0891073 0.0459857 0.18375
-0.04931 -0.0560414 0.99721 -0.0524217 -0.0840755 -0.994648 -0.0600548 -0.464318 0.995239 -0.0868022 0.0443343 0.206471
-0.045507 -0.0518478 0.997618 -0.00818122 -0.0812512 -0.995151 -0.055426 -0.35933 0.995654 -0.0835799 0.0410736 0.235804
-0.0492895 -0.0466819 0.997693 0.0736573 -0.0727289 -0.996088 -0.0501999 -0.3552 0.996133 -0.0750355 0.0457016 0.235841
-0.0522472 -0.0458626 0.99758 0.0915282 -0.0678121 -0.996476 -0.0493634 -0.339923 0.996329 -0.0702271 0.0489531 0.241135
-0.0520959 -0.0465717 0.997556 0.10531 -0.065348 -0.996612 -0.0499404 -0.328797 0.996502 -0.06779 0.0488761 0.243235
-0.0494274 -0.0492944 0.997561 0.121462 -0.0670428 -0.996365 -0.0525572 -0.328721 0.996525 -0.069477 0.0459429 0.247722
-0.045886 -0.0544928 0.997459 0.148058 -0.0724482 -0.9957 -0.0577296 -0.308359 0.996316 -0.0749131 0.0417408 0.248246
-0.0409184 -0.0591441 0.99741 0.138479 -0.0804203 -0.994813 -0.0622893 -0.283279 0.995921 -0.0827609 0.0359498 0.266309
-0.0411366 -0.0620586 0.997224 0.205535 -0.086322 -0.994117 -0.065426 -0.282335 0.995418 -0.0887738 0.0355376 0.283891
-0.0433329 -0.0660378 0.996876 0.201584 -0.087103 -0.993764 -0.069618 -0.321717 0.995256 -0.0898476 0.0373106 0.262345
-0.0433887 -0.0747175 0.99626 0.174847 -0.0897809 -0.992873 -0.0783736 -0.283669 0.995016 -0.0928457 0.0363712 0.285273
-0.0474989 -0.0777622 0.99584 0.253204 -0.0953883 -0.992056 -0.0820164 -0.288257 0.994306 -0.0988871 0.039704 0.275219
-0.050695 -0.0796845 0.99553 0.251111 -0.104433 -0.990924 -0.0846339 -0.269848 0.993239 -0.108257 0.0419132 0.272543
-0.0468698 -0.0767468 0.995948 0.154691 -0.11697 -0.989763 -0.0817748 -0.274311 0.992029 -0.120329 0.0374129 0.307152
-0.0528598 -0.068158 0.996273 0.291889 -0.129356 -0.988795 -0.0745097 -0.335542 0.990188 -0.132812 0.0434508 0.269187
-0.049547 -0.0674836 0.996489 0.280075 -0.135005 -0.988105 -0.0736285 -0.326364 0.989605 -0.138179 0.039847 0.277308
-0.0475989 -0.0730106 0.996195 0.268807 -0.129616 -0.988441 -0.0786355 -0.32835 0.990421 -0.132866 0.0375853 0.306245
-0.0488197 -0.0825514 0.99539 0.237953 -0.117596 -0.989172 -0.0878033 -0.310395 0.991861 -0.12134 0.0385834 0.283355
-0.0455642 -0.0909932 0.994809 0.238931 -0.104048 -0.989994 -0.0953184 -0.330586 0.993528 -0.107851 0.0356406 0.280322
-0.0445027 -0.100155 0.993976 0.192574 -0.088819 -0.990625 -0.103794 -0.305608 0.995053 -0.0929031 0.0351899 0.270392
-0.0389921 -0.1107 0.993089 0.178855 -0.0733755 -0.990844 -0.113331 -0.278519 0.996542 -0.0772874 0.0305125 0.270042
-0.0304533 -0.114558 0.99295 0.126645 -0.0657494 -0.991029 -0.116353 -0.232798 0.997371 -0.0688292 0.022648 0.26912
-0.0180215 -0.112381 0.993502 0.134798 -0.0640043 -0.991495 -0.113315 -0.270847 0.997787 -0.0656305 0.0106754 0.244483
-0.00342837 -0.110638 0.993855 0.110986 -0.0647422 -0.991751 -0.110627 -0.263161 0.997896 -0.0647237 -0.00376284 0.232592
0.0178715 -0.107562 0.994038 0.116357 -0.0653705 -0.992195 -0.106188 -0.257699 0.997701 -0.063083 -0.0247634 0.225055
0.0338782 -0.103157 0.994088 0.128232 -0.0673409 -0.992634 -0.100711 -0.253778 0.997155 -0.0635309 -0.0405753 0.164026
0.0524792 -0.105642 0.993019 0.136314 -0.0633283 -0.992739 -0.102265 -0.215706 0.996612 -0.0575193 -0.0587883 0.173256
0.0653436 -0.101278 0.99271 0.0658419 -0.0625061 -0.993298 -0.0972234 -0.228802 0.995903 -0.0556975 -0.0712361 0.16474
0.0628496 -0.0930122 0.993679 0.0173653 -0.0592884 -0.994237 -0.0893144 -0.289077 0.99626 -0.0533003 -0.0680019 0.0840942
0.0572368 -0.0918293 0.994128 0.0226625 -0.0569668 -0.994439 -0.0885781 -0.275657 0.996734 -0.0515624 -0.0621498 0.0584619
0.0559631 -0.0992591 0.993487 0.0266194 -0.0603132 -0.993565 -0.0958694 -0.16906 0.996609 -0.0545552 -0.0615896 0.140761
0.0439493 -0.0982062 0.994195 0.0177706 -0.0606556 -0.993583 -0.0954644 -0.162825 0.997191 -0.0561079 -0.0496241 0.125334
0.0327837 -0.09978 0.994469 0.00161906 -0.0601478 -0.993398 -0.0976896 -0.151761 0.997651 -0.0566125 -0.0385688 0.112131
0.0243892 -0.0986221 0.994826 0.0529811 -0.0607753 -0.993428 -0.0969935 -0.172871 0.997853 -0.0580953 -0.0302227 0.106124
0.0200795 -0.0994849 0.994836 0.0612956 -0.0600882 -0.993358 -0.0981243 -0.169632 0.997991 -0.0578076 -0.025924 0.0953264
0.024208 -0.0966389 0.995025 -0.000756578 -0.0601999 -0.993651 -0.0950408 -0.206759 0.997893 -0.0575997 -0.029872 0.0992524
0.0270609 -0.0968619 0.99493 0.0116203 -0.0607457 -0.993614 -0.0950816 -0.207214 0.997786 -0.0578647 -0.032772 0.0931158
0.0309668 -0.100083 0.994497 0.0247208 -0.0651733 -0.993059 -0.097909 -0.203766 0.997393 -0.0617827 -0.0372746 0.0907608
0.0275669 -0.103813 0.994215 0.0834657 -0.0699982 -0.992352 -0.101678 -0.210167 0.997166 -0.0667903 -0.0346228 0.0467802
0.0287212 -0.108743 0.993655 0.101848 -0.0722432 -0.991691 -0.10644 -0.211468 0.996973 -0.0687277 -0.0363385 0.0451979
0.0275163 -0.115884 0.992882 0.114152 -0.0762779 -0.990605 -0.113504 -0.212203 0.996707 -0.0726118 -0.0360971 0.0393393
0.0287189 -0.114572 0.993 0.0261837 -0.0801145 -0.990477 -0.111964 -0.264219 0.996372 -0.0763382 -0.0376243 0.045245
0.0265698 -0.121639 0.992219 0.0310469 -0.0810527 -0.989563 -0.119143 -0.269313 0.996356 -0.0772563 -0.0361517 0.0339273
0.0280944 -0.124583 0.991811 0.026861 -0.0791413 -0.989366 -0.122034 -0.273113 0.996467 -0.0750648 -0.0376553 0.0185826
0.0255469 -0.12515 0.991809 0.0478685 -0.0846615 -0.988839 -0.122594 -0.28401 0.996082 -0.0808361 -0.0358571 -0.00607014
0.0238058 -0.125751 0.991776 0.057588 -0.0868251 -0.988569 -0.12326 -0.282263 0.995939 -0.0831768 -0.034452 -0.00550998
0.0266633 -0.129987 0.991157 0.0615965 -0.0868586 -0.988061 -0.127245 -0.282647 0.995864 -0.0826977 -0.0376355 -0.00512206
0.0296587 -0.131247 0.990906 0.0573492 -0.0923573 -0.987461 -0.128027 -0.284594 0.995284 -0.0877203 -0.0414085 -0.00681594
0.0376213 -0.13353 0.99033 0.0620554 -0.093161 -0.987185 -0.129567 -0.288825 0.99494 -0.0873857 -0.049579 -0.0158243
0.0429118 -0.133999 0.990052 0.0698677 -0.0966316 -0.986875 -0.129381 -0.294361 0.994395 -0.0901183 -0.0552971 -0.0238219
0.0472589 -0.134802 0.989745 0.0796161 -0.0986613 -0.986637 -0.129667 -0.299002 0.993998 -0.0915216 -0.0599271 -0.0332488
0.0494229 -0.133745 0.989783 0.0846808 -0.100086 -0.986669 -0.128327 -0.301049 0.993751 -0.0927212 -0.0621501 -0.0364266
0.0475703 -0.129687 0.990413 0.0851523 -0.103716 -0.986818 -0.124235 -0.300974 0.993469 -0.0968115 -0.0603938 -0.0415465
0.045459 -0.129646 0.990518 0.0893512 -0.102142 -0.986949 -0.124491 -0.297877 0.993731 -0.0955144 -0.058108 -0.0430122
0.0394981 -0.126553 0.991173 0.0899314 -0.0993244 -0.987532 -0.12213 -0.304596 0.994271 -0.0936237 -0.0515754 -0.0478268
0.0365893 -0.125287 0.991446 0.0910304 -0.0984622 -0.987735 -0.121184 -0.300881 0.994468 -0.0931859 -0.0484765 -0.0503855
0.028293 -0.128709 0.991279 0.0899275 -0.0942314 -0.987603 -0.125542 -0.2998 0.995148 -0.0898576 -0.0400707 -0.05299
0.0210472 -0.128212 0.991523 0.0907397 -0.0909561 -0.987876 -0.125809 -0.297686 0.995632 -0.0875371 -0.0324537 -0.0524992
0.0168902 -0.125596 0.991938 0.0913096 -0.0891595 -0.988316 -0.123619 -0.298308 0.995874 -0.0863527 -0.0278909 -0.0524747
0.0203766 -0.124784 0.991975 0.0931117 -0.0850519 -0.9888 -0.122637 -0.29844 0.996168 -0.0818704 -0.0307615 -0.0548774
0.0122252 -0.127721 0.991735 0.0949662 -0.087349 -0.988154 -0.126183 -0.293758 0.996103 -0.0850844 -0.0232367 -0.0604243
0.00553703 -0.126387 0.991966 0.0966622 -0.0885075 -0.98815 -0.125407 -0.294058 0.99606 -0.087102 -0.0166576 -0.0609199
0.0086728 -0.123407 0.992318 0.0939581 -0.0891539 -0.988499 -0.122153 -0.293168 0.99598 -0.0874096 -0.0195753 -0.0624139
0.00748885 -0.124719 0.992164 0.0973492 -0.0930871 -0.98797 -0.123489 -0.294283 0.99563 -0.0914329 -0.0190085 -0.0612314
0.00456973 -0.126028 0.992016 0.0948489 -0.0898145 -0.988069 -0.125112 -0.294357 0.995948 -0.0885258 -0.0158343 -0.0606471
0.00902455 -0.123639 0.992286 0.0937468 -0.0956542 -0.987883 -0.122221 -0.294907 0.995374 -0.0938134 -0.0207418 -0.060288
0.00693548 -0.122301 0.992469 0.0941168 -0.0920967 -0.988353 -0.12115 -0.296882 0.995726 -0.0905629 -0.0181182 -0.0635855
0.00727948 -0.122196 0.992479 0.0969528 -0.0911307 -0.988457 -0.121032 -0.296929 0.995812 -0.0895643 -0.0183313 -0.0645723
0.00789605 -0.121975 0.992502 0.0894153 -0.0925004 -0.988366 -0.120731 -0.297104 0.995681 -0.0908535 -0.019087 -0.0632006
0.00572042 -0.120955 0.992642 0.0888416 -0.0945396 -0.988277 -0.119878 -0.299398 0.995505 -0.0931582 -0.0170884 -0.0634488
0.0066452 -0.121369 0.992585 0.0890379 -0.0938027 -0.988306 -0.120217 -0.297609 0.995569 -0.0923083 -0.0179522 -0.062345
0.00906663 -0.122861 0.992382 0.0969273 -0.0907073 -0.988433 -0.121543 -0.29477 0.995836 -0.0889143 -0.0201061 -0.0617249
0.00809341 -0.122526 0.992432 0.0983608 -0.0921659 -0.988332 -0.121268 -0.294546 0.995711 -0.090487 -0.0192917 -0.0615428
0.007209 -0.121744 0.992535 0.0928112 -0.0936011 -0.988286 -0.120543 -0.296112 0.995584 -0.0920334 -0.0185199 -0.0630016
0.00596533 -0.121908 0.992523 0.10061 -0.0944933 -0.988169 -0.120805 -0.294513 0.995508 -0.0930662 -0.0174142 -0.0655109
0.00651459 -0.121879 0.992524 0.0961208 -0.0940061 -0.988224 -0.120734 -0.294965 0.99555 -0.0925167 -0.0178952 -0.0645194
0.00694653 -0.121973 0.992509 0.0922988 -0.092744 -0.988334 -0.12081 -0.297049 0.995666 -0.09121 -0.0181777 -0.0647744
0.007842 -0.12197 0.992503 0.0997262 -0.0965333 -0.98799 -0.120652 -0.292749 0.995299 -0.0948634 -0.019522 -0.0660144
0.00859175 -0.120417 0.992686 0.0995368 -0.0985636 -0.987991 -0.118994 -0.294966 0.995094 -0.0968204 -0.0203573 -0.065348
0.00697879 -0.120943 0.992635 0.0993644 -0.096955 -0.988064 -0.119704 -0.293889 0.995264 -0.0954056 -0.0186215 -0.0648823
0.00585239 -0.122062 0.992505 0.100771 -0.0941513 -0.98818 -0.120975 -0.294224 0.995541 -0.0927377 -0.0172755 -0.0671318
0.00767792 -0.120488 0.992685 0.0996654 -0.0986311 -0.987965 -0.119152 -0.295341 0.995094 -0.0969948 -0.0194693 -0.0643309
0.00647495 -0.1215 0.99257 0.100515 -0.0955856 -0.988121 -0.120332 -0.293772 0.9954 -0.0940963 -0.0180117 -0.0654946
0.00758097 -0.120572 0.992676 0.1001 -0.0981078 -0.988005 -0.119256 -0.2954 0.995147 -0.0964852 -0.0193191 -0.0646619
0.00714916 -0.121098 0.992615 0.100172 -0.0964624 -0.988094 -0.119852 -0.293547 0.995311 -0.0948932 -0.0187454 -0.0661856
0.00464582 -0.119782 0.992789 0.099494 -0.0988227 -0.987995 -0.118741 -0.29587 0.995094 -0.0975585 -0.0164273 -0.0668123
0.00686363 -0.121979 0.992509 0.0965474 -0.093666 -0.988247 -0.120808 -0.293445 0.99558 -0.0921352 -0.0182083 -0.0649172
0.00905057 -0.123817 0.992264 0.0996209 -0.0981435 -0.987624 -0.122342 -0.293037 0.995131 -0.096277 -0.0210903 -0.0640694
0.00677873 -0.122351 0.992464 0.101945 -0.10116 -0.987479 -0.121046 -0.293685 0.994847 -0.0995771 -0.0190709 -0.0662795
0.00896569 -0.123716 0.992277 0.0991201 -0.0984953 -0.987601 -0.122243 -0.292896 0.995097 -0.0966387 -0.02104 -0.0641448
0.00815286 -0.121659 0.992538 0.0998393 -0.0978585 -0.987904 -0.120287 -0.295695 0.995167 -0.0961476 -0.0199596 -0.0647821
0.00896792 -0.120572 0.992664 0.0940447 -0.0963976 -0.988185 -0.119157 -0.298057 0.995303 -0.0946219 -0.0204848 -0.062937
0.00826568 -0.121366 0.992573 0.0933717 -0.0948643 -0.988226 -0.120044 -0.29771 0.995456 -0.0931675 -0.0196816 -0.0671762
0.00877195 -0.120728 0.992647 0.0953736 -0.0959843 -0.988203 -0.11934 -0.297222 0.995344 -0.0942316 -0.0202565 -0.0664843
0.00657274 -0.120108 0.992739 0.096259 -0.0987551 -0.987985 -0.118879 -0.298239 0.99509 -0.0972567 -0.0183551 -0.0673621
0.00841768 -0.124928 0.99213 0.0930503 -0.0957976 -0.987702 -0.123558 -0.293818 0.995365 -0.0940036 -0.020282 -0.0643653
0.00854391 -0.125001 0.99212 0.0936962 -0.0956791 -0.987706 -0.12362 -0.293674 0.995376 -0.0938689 -0.0203988 -0.0654971
0.00635683 -0.123823 0.992284 0.0922701 -0.09818 -0.987587 -0.122608 -0.293362 0.995148 -0.096643 -0.0184349 -0.0664254
0.00991034 -0.125698 0.992019 0.092061 -0.094201 -0.987773 -0.124219 -0.291592 0.995504 -0.0922181 -0.0216301 -0.0653343
0.00920759 -0.124518 0.992175 0.0939406 -0.097044 -0.987644 -0.123049 -0.294413 0.995238 -0.0951516 -0.0211776 -0.0663167
0.00999693 -0.123959 0.992237 0.0949058 -0.0970603 -0.987721 -0.122417 -0.294136 0.995228 -0.095083 -0.0219057 -0.0658929
0.00870491 -0.125118 0.992104 0.093272 -0.0954657 -0.987713 -0.123727 -0.293691 0.995395 -0.0936348 -0.0205424 -0.0653892
0.00868786 -0.124222 0.992216 0.0899562 -0.0971929 -0.987661 -0.1228 -0.293277 0.995228 -0.0953695 -0.0206541 -0.0662202
0.00984009 -0.123135 0.992341 0.0937688 -0.0968999 -0.987836 -0.121615 -0.294317 0.995245 -0.094961 -0.0216522 -0.0658689
0.0081129 -0.124934 0.992132 0.0956026 -0.0959466 -0.987684 -0.123589 -0.29357 0.995353 -0.094189 -0.0199999 -0.0673874
0.00822619 -0.124898 0.992135 0.0896391 -0.0986007 -0.987435 -0.123489 -0.294198 0.995093 -0.0968094 -0.0204379 -0.0660514
0.0113422 -0.126024 0.991962 0.0880281 -0.0932488 -0.987836 -0.124434 -0.293367 0.995578 -0.091088 -0.0229558 -0.0633694
0.00954852 -0.1245 0.992174 0.0893833 -0.0973436 -0.987622 -0.122992 -0.294685 0.995205 -0.0954073 -0.0215496 -0.0647164
0.0125839 -0.123341 0.992285 0.0920275 -0.0940197 -0.988113 -0.12163 -0.294664 0.995491 -0.0917637 -0.0240307 -0.0642244
0.00724914 -0.119841 0.992767 0.0923887 -0.0933888 -0.988535 -0.118648 -0.297211 0.995603 -0.0918532 -0.0183578 -0.0660036
0.00711041 -0.120114 0.992735 0.0917422 -0.0951381 -0.988338 -0.118901 -0.298504 0.995439 -0.0936015 -0.0184549 -0.0665511
0.00711278 -0.119992 0.992749 0.0955222 -0.0934234 -0.988512 -0.118811 -0.295888 0.995601 -0.091901 -0.0182412 -0.0684056
0.00788423 -0.119143 0.992846 0.0897328 -0.0939148 -0.988576 -0.117884 -0.298096 0.995549 -0.0923135 -0.0189834 -0.0652065
0.00575829 -0.118668 0.992917 0.0958488 -0.0965007 -0.988365 -0.117564 -0.297123 0.995316 -0.0951402 -0.0171428 -0.0699386
0.0074847 -0.119543 0.992801 0.0942617 -0.0942887 -0.98849 -0.118313 -0.29742 0.995517 -0.0927244 -0.0186701 -0.0679515
0.00752479 -0.119913 0.992756 0.0935089 -0.0940616 -0.988467 -0.118682 -0.293869 0.995538 -0.0924871 -0.0187172 -0.067659
0.0071425 -0.120475 0.992691 0.0931184 -0.0939418 -0.988407 -0.119279 -0.295821 0.995552 -0.0924032 -0.0183773 -0.0683322
0.00736123 -0.119753 0.992776 0.0956664 -0.0953536 -0.988363 -0.118513 -0.296768 0.995416 -0.0937924 -0.0186944 -0.0682812
0.00776727 -0.120031 0.99274 0.0918935 -0.0942705 -0.988436 -0.118773 -0.296573 0.995516 -0.0926635 -0.0189929 -0.066167
0.0078415 -0.11959 0.992792 0.096308 -0.0950707 -0.988415 -0.118312 -0.294926 0.99544 -0.0934577 -0.0191202 -0.066096
0.00823369 -0.119119 0.992846 0.0958352 -0.0950038 -0.988481 -0.117808 -0.295509 0.995443 -0.0933541 -0.0194557 -0.0652267
0.00812623 -0.119208 0.992836 0.0931891 -0.0951034 -0.98846 -0.117904 -0.296647 0.995434 -0.093464 -0.0193695 -0.0659696
0.00748521 -0.119768 0.992774 0.0907258 -0.0939339 -0.988496 -0.118544 -0.296166 0.99555 -0.0923677 -0.0186494 -0.0654177
0.0075569 -0.119701 0.992781 0.0922533 -0.0938479 -0.988513 -0.118472 -0.297058 0.995558 -0.0922751 -0.0187038 -0.0658493
0.0102062 -0.122804 0.992379 0.0908656 -0.0977592 -0.987799 -0.121231 -0.295994 0.995158 -0.0957768 -0.0220869 -0.0647628
0.00774626 -0.123492 0.992315 0.0912387 -0.0929802 -0.988135 -0.122245 -0.294727 0.995638 -0.0913187 -0.0191366 -0.0656053
0.00941088 -0.121727 0.992519 0.0896568 -0.0953754 -0.988147 -0.120287 -0.296822 0.995397 -0.0935299 -0.0209091 -0.0647726
0.00868164 -0.122226 0.992464 0.0922537 -0.0940562 -0.988201 -0.120879 -0.295827 0.995529 -0.092298 -0.0200754 -0.0653329
0.00714123 -0.121912 0.992515 0.0902409 -0.0934179 -0.988281 -0.12072 -0.296199 0.995601 -0.0918566 -0.0184463 -0.0666537
