0.0041403 0.0257155 0.999661 -0.0080546 -0.0148655 -0.999557 0.0257744 -0.0652229 0.999881 -0.0149672 -0.00375619 0.0207064
0.00378725 0.0257719 0.999661 -0.00914042 -0.0150264 -0.999554 0.0258261 -0.0655455 0.99988 -0.0151191 -0.0033983 0.0170834
0.00390229 0.0256223 0.999664 -0.00939126 -0.0146279 -0.999563 0.0256768 -0.065499 0.999885 -0.0147232 -0.00352579 0.017248
0.00398491 0.0258646 0.999658 -0.00910098 -0.0150466 -0.999551 0.0259218 -0.0655984 0.999879 -0.0151448 -0.00359395 0.0172131
0.00370603 0.0259332 0.999657 -0.00897435 -0.015075 -0.999549 0.0259863 -0.0656138 0.999879 -0.0151662 -0.00331341 0.0169955
0.00386675 0.0255813 0.999665 -0.00925818 -0.0149944 -0.999559 0.0256366 -0.0654172 0.99988 -0.0150885 -0.00348147 0.0171452
0.00375387 0.0258787 0.999658 -0.00898869 -0.014996 -0.999551 0.0259322 -0.0655886 0.999881 -0.0150883 -0.00336411 0.0170505
0.00364769 0.0260148 0.999655 -0.00918683 -0.0152181 -0.999544 0.0260674 -0.0657315 0.999878 -0.0153079 -0.00325013 0.0169537
0.00370964 0.0258841 0.999658 -0.00905714 -0.0150419 -0.99955 0.0259371 -0.0656012 0.99988 -0.015133 -0.00331862 0.017023
0.00395647 0.0258732 0.999657 -0.00909843 -0.0150806 -0.99955 0.0259301 -0.0655585 0.999878 -0.015178 -0.00356451 0.0164656
0.00376564 0.0258548 0.999659 -0.00886863 -0.0150015 -0.999552 0.0259086 -0.0659404 0.99988 -0.015094 -0.00337609 0.0170284
0.00399929 0.0258548 0.999658 -0.00918081 -0.0151115 -0.99955 0.0259125 -0.0656235 0.999878 -0.0152099 -0.00360679 0.0171656
0.00391699 0.0257019 0.999662 -0.00916008 -0.0148852 -0.999557 0.0257576 -0.0654939 0.999882 -0.0149811 -0.00353268 0.0171393
0.00392618 0.025757 0.999661 -0.00907161 -0.0149908 -0.999554 0.0258131 -0.065493 0.99988 -0.0150871 -0.00353832 0.017132
0.00396917 0.0257545 0.99966 -0.00910666 -0.0149845 -0.999555 0.0258113 -0.0655373 0.99988 -0.0150818 -0.00358148 0.0171523
0.00395788 0.0258515 0.999658 -0.00912023 -0.0149925 -0.999552 0.0259081 -0.0655979 0.99988 -0.0150899 -0.00356853 0.0171533
0.00398203 0.0257776 0.99966 -0.00903443 -0.0149712 -0.999554 0.0258345 -0.0655251 0.99988 -0.0150689 -0.00359433 0.0171589
0.00396764 0.025793 0.999659 -0.00908298 -0.0150566 -0.999552 0.02585 -0.0655228 0.999879 -0.015154 -0.00357751 0.0171426
0.00394591 0.0257476 0.999661 -0.0090991 -0.0149716 -0.999555 0.025804 -0.0654831 0.99988 -0.0150684 -0.00355867 0.0171488
0.00392062 0.0258748 0.999658 -0.00913482 -0.0150774 -0.99955 0.0259312 -0.065635 0.999879 -0.015174 -0.00352873 0.0171197
0.00398426 0.02582 0.999659 -0.00911097 -0.014955 -0.999553 0.0258769 -0.0655655 0.99988 -0.015053 -0.00359634 0.0171655
0.0039264 0.0258127 0.999659 -0.00911235 -0.0149722 -0.999553 0.0258688 -0.0655957 0.99988 -0.0150686 -0.00353817 0.0171196
0.00395862 0.025794 0.999659 -0.00910774 -0.0150152 -0.999553 0.0258507 -0.0655031 0.999879 -0.0151124 -0.00356955 0.0171475
0.00392451 0.0257364 0.999661 -0.00916215 -0.0149378 -0.999556 0.0257923 -0.0655124 0.999881 -0.015034 -0.00353832 0.0171223
0.00371713 0.0259548 0.999656 -0.00935498 -0.0150608 -0.999548 0.026008 -0.0656605 0.99988 -0.0151523 -0.00332455 0.0170219
0.00357704 0.0256209 0.999665 -0.00925272 -0.014982 -0.999558 0.0256718 -0.0655259 0.999881 -0.0150688 -0.00319161 0.0169323
0.00394235 0.0256854 0.999662 -0.00884366 -0.0148056 -0.999559 0.0257411 -0.0655005 0.999883 -0.014902 -0.00356032 0.0175672
0.00335306 0.0262665 0.999649 -0.00902086 -0.0150669 -0.99954 0.0263142 -0.0659048 0.999881 -0.0151499 -0.00295577 0.0167522
0.00371116 0.0259386 0.999657 -0.00932452 -0.0150491 -0.999549 0.0259916 -0.065632 0.99988 -0.0151404 -0.00331914 0.0170296
0.0037666 0.0258528 0.999659 -0.00908426 -0.0149805 -0.999552 0.0259064 -0.0655823 0.999881 -0.015073 -0.00337763 0.0170566
0.00372006 0.0259193 0.999657 -0.00916136 -0.0150494 -0.999549 0.0259725 -0.0656183 0.99988 -0.0151409 -0.00332831 0.0170311
0.00385616 0.0257541 0.999661 -0.00917529 -0.0147564 -0.999558 0.0258084 -0.0655667 0.999884 -0.0148509 -0.00347442 0.0171649
0.00396753 0.0256495 0.999663 -0.00904204 -0.0147626 -0.999561 0.0257055 -0.0655871 0.999883 -0.0148596 -0.00358714 0.0174741
0.00354168 0.026045 0.999654 -0.00909977 -0.0149839 -0.999547 0.0260953 -0.0657661 0.999881 -0.0150712 -0.00314982 0.016949
0.00375194 0.0259389 0.999656 -0.00934958 -0.0149301 -0.999551 0.0259922 -0.0656737 0.999882 -0.0150224 -0.00336298 0.0170959
0.00386487 0.0257991 0.99966 -0.00916168 -0.0147516 -0.999557 0.0258534 -0.0656056 0.999884 -0.0148465 -0.00348258 0.0171374
0.00378108 0.0259287 0.999657 -0.00929725 -0.0149888 -0.99955 0.0259827 -0.0656295 0.999881 -0.0150819 -0.00339074 0.0170917
0.00386246 0.0256684 0.999663 -0.00928264 -0.0149372 -0.999557 0.0257234 -0.0655644 0.999881 -0.0150316 -0.00347733 0.0171588
0.00377438 0.0258932 0.999658 -0.00918175 -0.0149345 -0.999552 0.0259468 -0.0656291 0.999881 -0.0150273 -0.00338599 0.0170684
0.00380608 0.0258139 0.99966 -0.00911201 -0.0148157 -0.999556 0.0258676 -0.0655749 0.999883 -0.0149091 -0.00342194 0.0171137
0.00391527 0.0256549 0.999663 -0.00904292 -0.0147796 -0.99956 0.0257101 -0.0655204 0.999883 -0.0148753 -0.00353438 0.0174117
0.00352464 0.0258803 0.999659 -0.00924095 -0.0148679 -0.999553 0.02593 -0.0656403 0.999883 -0.0149542 -0.00313828 0.0169535
0.00376586 0.0258964 0.999658 -0.00923589 -0.014974 -0.999551 0.02595 -0.0656439 0.999881 -0.0150666 -0.00337639 0.0170583
0.00376435 0.0258656 0.999658 -0.00907445 -0.0148739 -0.999553 0.0259189 -0.0655782 0.999882 -0.0149664 -0.00337794 0.0171212
0.00377506 0.0259347 0.999657 -0.00924721 -0.0149384 -0.999551 0.0259884 -0.065671 0.999881 -0.0150313 -0.00338594 0.0170837
0.00399859 0.0260535 0.999653 -0.00904124 -0.015382 -0.999541 0.0261121 -0.0658584 0.999874 -0.0154811 -0.003596 0.0169108
0.00368777 0.025757 0.999661 -0.00998072 -0.0147435 -0.999558 0.0258087 -0.0653098 0.999885 -0.0148337 -0.00330639 0.0173066
0.00407836 0.0260245 0.999653 -0.00999779 -0.0155176 -0.999539 0.0260848 -0.0657009 0.999871 -0.0156186 -0.00367264 0.0175047
0.00391128 0.0257226 0.999661 -0.009316 -0.0148595 -0.999557 0.0257781 -0.0653351 0.999882 -0.0149553 -0.00352732 0.0174611
0.00327013 0.0262827 0.999649 -0.00957386 -0.0162934 -0.99952 0.0263326 -0.0661633 0.999862 -0.0163738 -0.00284032 0.0162294
0.0038669 0.025707 0.999662 -0.00900325 -0.0148332 -0.999558 0.0257617 -0.065361 0.999883 -0.0149278 -0.00348387 0.0174274
0.00481149 0.0255632 0.999662 -0.00906617 -0.014458 -0.999567 0.0256304 -0.0653795 0.999884 -0.0145764 -0.00443981 0.0178716
0.0038746 0.0258456 0.999658 -0.00829759 -0.0150947 -0.999551 0.0259014 -0.0653903 0.999879 -0.0151899 -0.00348272 0.0168312
0.00411221 0.0258187 0.999658 -0.0092183 -0.0151087 -0.999551 0.0258781 -0.0656628 0.999877 -0.0152099 -0.00372028 0.0171652
0.00398171 0.025836 0.999658 -0.00954583 -0.0150803 -0.999551 0.0258933 -0.0653737 0.999878 -0.0151783 -0.0035903 0.0175162
0.00363962 0.0260051 0.999655 -0.00928377 -0.0155734 -0.999539 0.0260588 -0.0657712 0.999872 -0.0156629 -0.00323296 0.0167939
0.00392001 0.0258549 0.999658 -0.0096097 -0.0148932 -0.999553 0.0259106 -0.0652989 0.999881 -0.0149897 -0.0035332 0.0174855
0.00302919 0.0264607 0.999645 -0.00951382 -0.016127 -0.999519 0.0265062 -0.0662217 0.999865 -0.0162015 -0.002601 0.0161755
0.00378823 0.0258434 0.999659 -0.00998956 -0.0146379 -0.999557 0.0258962 -0.065795 0.999886 -0.014731 -0.00340826 0.0174661
0.00323352 0.0264436 0.999645 -0.00966335 -0.0160006 -0.999521 0.0264921 -0.066278 0.999867 -0.0160806 -0.00280886 0.0163171
0.00384207 0.0257891 0.99966 -0.00985269 -0.0150351 -0.999553 0.0258441 -0.0655013 0.99988 -0.0151292 -0.00345261 0.0174736
0.00362354 0.0260381 0.999654 -0.00935596 -0.0155913 -0.999538 0.0260916 -0.0657783 0.999872 -0.0156804 -0.0032159 0.0169194
0.00373381 0.0257801 0.999661 -0.00987056 -0.0146529 -0.999559 0.0258322 -0.0658718 0.999886 -0.0147444 -0.00335441 0.0172942
0.00391934 0.0258659 0.999658 -0.00956936 -0.0146631 -0.999556 0.0259208 -0.0661131 0.999885 -0.0147596 -0.00353833 0.0170827
0.00387407 0.0258855 0.999657 -0.00971608 -0.0141207 -0.999564 0.0259378 -0.0661791 0.999893 -0.0142163 -0.00350686 0.0173067
0.00382398 0.0263178 0.999646 -0.00970737 -0.0154498 -0.999533 0.0263739 -0.0659038 0.999873 -0.0155452 -0.00341559 0.0174092
0.003844 0.0260482 0.999653 -0.00955925 -0.0149567 -0.999547 0.026103 -0.0657478 0.999881 -0.0150518 -0.00345266 0.0173397
0.00400037 0.0264137 0.999643 -0.00948917 -0.0157519 -0.999525 0.0264737 -0.065885 0.999868 -0.0158522 -0.0035824 0.0175697
0.00399852 0.0257264 0.999661 -0.00851652 -0.0161554 -0.999537 0.0257878 -0.0655105 0.999861 -0.016253 -0.00358105 0.0172327
0.00357145 0.0260703 0.999654 -0.00852909 -0.0183179 -0.999491 0.0261315 -0.0651559 0.999826 -0.0184049 -0.00309207 0.0174863
0.00372561 0.0258701 0.999658 -0.00963503 -0.0158871 -0.999538 0.0259262 -0.0659092 0.999867 -0.0159782 -0.00331288 0.0173799
0.00338681 0.0264988 0.999643 -0.00890745 -0.016555 -0.99951 0.0265514 -0.0658292 0.999857 -0.016639 -0.00294647 0.0164879
0.00415769 0.0262202 0.999648 -0.00857232 -0.016652 -0.999516 0.026286 -0.0658368 0.999853 -0.0167554 -0.00371905 0.0174694
0.003342 0.0260936 0.999654 -0.00888514 -0.0165002 -0.999522 0.0261453 -0.0658917 0.999858 -0.0165819 -0.00290985 0.0166031
0.00348779 0.0256903 0.999664 -0.00933707 -0.0142211 -0.999568 0.0257374 -0.0655797 0.999893 -0.0143061 -0.00312094 0.0168164
0.00353662 0.0266286 0.999639 -0.00938352 -0.0160039 -0.999516 0.026682 -0.0658382 0.999866 -0.0160925 -0.00310875 0.0174147
0.00494937 0.027326 0.999614 -0.00875702 -0.0155033 -0.999504 0.0273998 -0.0637333 0.999868 -0.0156329 -0.00452328 0.0190344
0.00214478 0.0302034 0.999541 -0.00718936 -0.0147933 -0.999433 0.0302318 -0.0636432 0.999888 -0.0148513 -0.00169676 0.0189933
0.00481551 0.0327634 0.999452 -0.00343149 -0.0129947 -0.999377 0.0328236 -0.059945 0.999904 -0.0131456 -0.00438676 0.0204338
0.00954801 0.0325946 0.999423 -0.00471604 -0.00967222 -0.999419 0.0326869 -0.0601106 0.999908 -0.00997874 -0.0092272 0.0235066
0.0155963 0.0340017 0.9993 -0.00397835 -0.00876709 -0.999379 0.0341412 -0.0556436 0.99984 -0.00929343 -0.0152886 0.0349317
0.0159699 0.0387795 0.99912 -0.0116319 -0.0125042 -0.999162 0.038981 -0.0536099 0.999794 -0.0131157 -0.0154716 0.0545402
0.00898454 0.0437293 0.999003 -0.0222874 -0.0136376 -0.998945 0.0438494 -0.0560008 0.999867 -0.0140179 -0.0083787 0.0584964
-0.00131089 0.050838 0.998706 -0.0259125 -0.0172249 -0.99856 0.050808 -0.0568529 0.999851 -0.017136 0.00218469 0.0678397
-0.011938 0.0572739 0.998287 -0.0332515 -0.0189466 -0.998192 0.0570418 -0.0560909 0.999749 -0.0182332 0.0130016 0.0835525
-0.017823 0.0631965 0.997842 -0.0326491 -0.0206213 -0.997811 0.0628263 -0.051497 0.999628 -0.0194571 0.0190872 0.108201
-0.0187413 0.0721083 0.997221 -0.0314467 -0.0242273 -0.997136 0.0716468 -0.0534988 0.999531 -0.0228172 0.0204347 0.124623
-0.0126833 0.0813583 0.996604 -0.0505856 -0.0283874 -0.996312 0.0809732 -0.0588495 0.999517 -0.027264 0.014946 0.162256
-0.00538642 0.0899545 0.995931 -0.0612242 -0.0365271 -0.995299 0.0896998 -0.0721152 0.999318 -0.0358953 0.00864687 0.179893
0.00155361 0.0985275 0.995133 -0.0659537 -0.0441472 -0.994157 0.0984998 -0.0732404 0.999024 -0.0440854 0.00280518 0.209509
0.0010276 0.104701 0.994503 -0.0623376 -0.0463066 -0.993432 0.104636 -0.0650645 0.998927 -0.0461596 0.0038275 0.237772
-0.00606769 0.109678 0.993949 -0.0678729 -0.0426301 -0.993092 0.109323 -0.0645934 0.999072 -0.0417088 0.0107014 0.260487
-0.01612 0.115717 0.993151 -0.0651698 -0.036862 -0.992674 0.115063 -0.0645182 0.99919 -0.0347548 0.0202674 0.282321
-0.0282802 0.125685 0.991667 -0.0739356 -0.0365546 -0.99153 0.124625 -0.0800144 0.998931 -0.0327256 0.032635 0.291295
-0.0365337 0.136256 0.99 -0.0809006 -0.0421996 -0.989988 0.134698 -0.0793301 0.998441 -0.0368566 0.0419179 0.314254
-0.0426091 0.145341 0.988464 -0.0964737 -0.0538998 -0.988256 0.142987 -0.0806446 0.997637 -0.0471854 0.0499425 0.353064
-0.0543725 0.152757 0.986767 -0.0937492 -0.0671271 -0.986552 0.149025 -0.0841789 0.996262 -0.0581359 0.0638955 0.333679
-0.060749 0.155233 0.986008 -0.107642 -0.0732044 -0.985865 0.1507 -0.0834553 0.995465 -0.0630253 0.071254 0.370632
-0.0656865 0.156921 0.985424 -0.114368 -0.0782791 -0.985324 0.151687 -0.0883272 0.994765 -0.0671743 0.0770061 0.392906
-0.0677541 0.156259 0.985389 -0.124026 -0.0776917 -0.985486 0.150933 -0.0923251 0.994673 -0.0663303 0.0789108 0.416095
-0.0729199 0.158233 0.984705 -0.117914 -0.0783009 -0.985195 0.152514 -0.0999474 0.994259 -0.065982 0.0842301 0.397515
-0.0738243 0.154382 0.985249 -0.126726 -0.0761562 -0.985933 0.148783 -0.0799028 0.994359 -0.0640491 0.0845429 0.410769
-0.076416 0.149652 0.985781 -0.129627 -0.0730572 -0.986855 0.144152 -0.0918484 0.994396 -0.0610029 0.0863447 0.429233
-0.0837416 0.140518 0.98653 -0.118968 -0.0658615 -0.988623 0.135226 -0.104714 0.994309 -0.0536503 0.0920437 0.411957
-0.0881971 0.134055 0.987041 -0.116797 -0.0635967 -0.989639 0.128726 -0.0989151 0.994071 -0.0514194 0.0958088 0.396104
-0.0901964 0.132702 0.987044 -0.106055 -0.0636252 -0.989826 0.127262 -0.114041 0.99389 -0.0513223 0.097722 0.368215
-0.0849342 0.129272 0.987965 -0.10182 -0.0584292 -0.990488 0.124579 -0.109331 0.994672 -0.047145 0.0916795 0.36995
-0.0758609 0.124351 0.989334 -0.0923449 -0.051099 -0.991374 0.120689 -0.0917274 0.995808 -0.0413984 0.0815608 0.357415
-0.0628797 0.123214 0.990386 -0.0865455 -0.044273 -0.991717 0.120568 -0.116784 0.997039 -0.0362661 0.0678139 0.326899
-0.0465487 0.120773 0.991588 -0.0894411 -0.0362507 -0.992215 0.119148 -0.130991 0.998258 -0.0303996 0.0505644 0.29992
-0.0291303 0.114065 0.993046 -0.0722618 -0.0277768 -0.993176 0.113265 -0.118255 0.99919 -0.0242842 0.0320999 0.27677
-0.0145573 0.109816 0.993845 -0.062562 -0.0214288 -0.993757 0.109492 -0.104436 0.999664 -0.0197031 0.0168196 0.253665
-0.00441325 0.109138 0.994017 -0.0601223 -0.016848 -0.993893 0.10905 -0.12032 0.999848 -0.0162659 0.00622506 0.233947
0.00455412 0.109064 0.994024 -0.0578042 -0.011712 -0.993961 0.109111 -0.131671 0.999921 -0.0121389 -0.00324926 0.237933
0.00635242 0.107185 0.994219 -0.045917 -0.00933377 -0.994189 0.107242 -0.109652 0.999936 -0.00996105 -0.00531507 0.211682
0.00540009 0.106928 0.994252 -0.0456336 -0.00278008 -0.994261 0.106944 -0.136642 0.999982 -0.00334161 -0.00507183 0.194121
0.00051425 0.102478 0.994735 -0.0303578 0.00549035 -0.994721 0.102473 -0.149345 0.999985 0.00540875 -0.00107417 0.14906
-0.00190894 0.0990261 0.995083 -0.0168915 0.0166509 -0.994944 0.0990442 -0.151614 0.99986 0.0167581 0.000250421 0.101258
0.00558573 0.0965975 0.995308 -0.0375678 0.0298089 -0.994897 0.0963903 -0.15899 0.99954 0.0291307 -0.0084367 0.126278
0.0135613 0.096981 0.995194 -0.0384258 0.0407067 -0.994514 0.09636 -0.158285 0.999079 0.0392043 -0.0174347 0.122716
0.0213176 0.098855 0.994873 -0.0421552 0.04738 -0.994081 0.0977611 -0.158692 0.998649 0.045053 -0.0258751 0.123757
0.0294052 0.103101 0.994236 -0.0375483 0.0490731 -0.993616 0.101586 -0.152051 0.998362 0.0458031 -0.034277 0.134372
0.0344387 0.109433 0.993397 -0.0525261 0.0468456 -0.993071 0.107773 -0.156138 0.998308 0.0428247 -0.0393265 0.161248
0.0347351 0.114323 0.992836 -0.0677738 0.0441257 -0.992642 0.112757 -0.154195 0.998422 0.039893 -0.0395241 0.182945
0.031631 0.122312 0.991988 -0.0767963 0.0373703 -0.991935 0.121114 -0.168244 0.998801 0.0332399 -0.0359467 0.211168
0.0239501 0.126475 0.991681 -0.0744731 0.0301017 -0.991607 0.125738 -0.14824 0.99926 0.0268398 -0.0275561 0.220468
0.0143305 0.129173 0.991518 -0.0840701 0.021875 -0.991423 0.128845 -0.122422 0.999658 0.019843 -0.0170332 0.24893
0.000597246 0.132649 0.991163 -0.0898434 0.0166626 -0.991027 0.132621 -0.123033 0.999861 0.0164362 -0.00280217 0.274894
-0.0125693 0.138183 0.990327 -0.107508 0.0138901 -0.990285 0.138354 -0.150363 0.999825 0.0154947 0.0105279 0.32552
-0.0278272 0.135821 0.990343 -0.10625 0.0106577 -0.99063 0.13616 -0.132274 0.999556 0.0143437 0.026119 0.351799
-0.0416799 0.133249 0.990206 -0.115229 0.00604446 -0.991015 0.133613 -0.142187 0.999113 0.0115542 0.0405 0.367774
-0.0529289 0.123344 0.990951 -0.116433 0.00367433 -0.992312 0.12371 -0.136719 0.998592 0.0101889 0.0520688 0.386051
-0.0595347 0.112361 0.991882 -0.131098 0.00690017 -0.993575 0.112967 -0.151428 0.998202 0.0135696 0.0583769 0.425622
-0.0660368 0.0972504 0.993067 -0.135636 0.0102981 -0.99512 0.0981363 -0.152647 0.997764 0.0167073 0.064713 0.441825
-0.0683988 0.0865666 0.993895 -0.13968 0.0122834 -0.99608 0.0876022 -0.165863 0.997582 0.0182003 0.0670673 0.459594
-0.07195 0.0860303 0.993691 -0.130606 0.00821355 -0.996188 0.0868412 -0.131558 0.997374 0.01441 0.0709692 0.466517
-0.0736595 0.0923923 0.992994 -0.138295 0.00785134 -0.995615 0.0932185 -0.158367 0.997253 0.0146628 0.0726111 0.467326
-0.074268 0.0990554 0.992307 -0.136842 0.0061294 -0.99499 0.099782 -0.133328 0.997219 0.0134929 0.0732888 0.491543
-0.0803056 0.103029 0.991431 -0.137418 0.00788749 -0.994547 0.103992 -0.155355 0.996739 0.016171 0.0790551 0.470826
-0.0832946 0.0973232 0.991761 -0.131895 0.0140074 -0.995007 0.0988182 -0.120912 0.996427 0.022123 0.0815154 0.48106
-0.0890376 0.0985536 0.991141 -0.116542 0.0187753 -0.99475 0.100599 -0.136464 0.995851 0.0275661 0.0867198 0.452975
-0.0886333 0.0981048 0.991221 -0.116253 0.0235331 -0.994654 0.100549 -0.120731 0.995786 0.0322384 0.0858507 0.447162
-0.0879321 0.10129 0.990963 -0.0964961 0.0293602 -0.994121 0.104218 -0.132082 0.995694 0.0382589 0.0844413 0.418709
-0.0796776 0.103678 0.991414 -0.099052 0.0317184 -0.993809 0.106478 -0.123607 0.996316 0.03993 0.0758958 0.40037
-0.065225 0.1078 0.992031 -0.087213 0.0359548 -0.993248 0.110296 -0.131308 0.997223 0.0428624 0.0609086 0.391309
-0.0472307 0.114294 0.992324 -0.0887951 0.0384994 -0.992486 0.116145 -0.125805 0.998142 0.0436895 0.0424755 0.361981
-0.027992 0.123761 0.991917 -0.0822581 0.0374193 -0.991481 0.124762 -0.147113 0.998908 0.0406092 0.0231225 0.316289
-0.00419047 0.13225 0.991208 -0.0609386 0.0339053 -0.990628 0.132316 -0.131652 0.999416 0.0341616 -0.000332774 0.304369
0.0152549 0.138909 0.990188 -0.0619314 0.0324067 -0.989851 0.138362 -0.130461 0.999358 0.029978 -0.0196016 0.283503
0.0274137 0.145505 0.988978 -0.0472277 0.0293571 -0.98904 0.144701 -0.164573 0.999193 0.0250668 -0.0313848 0.236768
0.0356905 0.145676 0.988688 -0.036071 0.0268966 -0.9891 0.144766 -0.160814 0.999001 0.0214256 -0.0392197 0.220872
0.0381168 0.143595 0.988902 -0.0224976 0.0230627 -0.989484 0.14279 -0.166344 0.999007 0.017364 -0.0410276 0.204159
0.0389178 0.136878 0.989823 -0.0208008 0.0202057 -0.990479 0.136174 -0.147111 0.999038 0.0147005 -0.0413129 0.198246
0.0336767 0.130664 0.990855 -0.015697 0.0160423 -0.99136 0.130185 -0.149426 0.999304 0.0115114 -0.0354819 0.18475
0.0275682 0.122763 0.992053 -0.019345 0.0152951 -0.992366 0.122377 -0.143637 0.999503 0.0117998 -0.0292354 0.176638
0.0203106 0.113396 0.993342 -0.0147278 0.0164235 -0.993451 0.113072 -0.144401 0.999659 0.0140176 -0.02204 0.164739
0.014607 0.1035 0.994522 -0.00688225 0.0198027 -0.994463 0.103203 -0.138052 0.999697 0.0181867 -0.0165756 0.156022
0.0127315 0.0953434 0.995363 -0.0102309 0.0227257 -0.995214 0.0950384 -0.116289 0.999661 0.0214103 -0.0148373 0.137892
0.0165557 0.0920739 0.995615 -0.0077484 0.0274487 -0.995418 0.0915992 -0.142719 0.999486 0.0258118 -0.0190072 0.160198
0.0190833 0.0878053 0.995955 -0.00262003 0.024627 -0.995875 0.0873264 -0.164533 0.999515 0.0228609 -0.0211669 0.150918
0.0243122 0.0827641 0.996273 -0.0167579 0.0198357 -0.996411 0.0822916 -0.204339 0.999508 0.017761 -0.0258666 0.145888
0.0280125 0.0758945 0.996722 -0.0124407 0.0135336 -0.997051 0.0755391 -0.216511 0.999516 0.0113732 -0.028957 0.152891
0.0293636 0.0662224 0.997373 -0.02667 0.00536097 -0.997799 0.0660929 -0.202823 0.999554 0.00340616 -0.029654 0.164829
0.0264443 0.0569565 0.998026 -0.0331616 0.000151764 -0.998376 0.0569724 -0.212869 0.99965 -0.00135513 -0.02641 0.180116
0.0179545 0.0533227 0.998416 -0.0369613 -0.00570225 -0.998555 0.0534327 -0.271654 0.999823 -0.00665257 -0.0176245 0.166087
0.0127827 0.0439909 0.99895 -0.0471305 -0.0121748 -0.998951 0.0441467 -0.267501 0.999844 -0.0127263 -0.0122337 0.202453
0.0034247 0.0367175 0.99932 -0.0717057 -0.0185448 -0.999151 0.0367748 -0.287953 0.999822 -0.0186582 -0.00274088 0.203538
-0.00683963 0.0300328 0.999526 -0.0785424 -0.028902 -0.999137 0.0298234 -0.312337 0.999559 -0.0286843 0.00770174 0.186262
-0.0155095 0.0211127 0.999657 -0.0862283 -0.0366363 -0.999118 0.0205329 -0.322777 0.999208 -0.0363052 0.0162693 0.196142
-0.0264939 0.0139005 0.999552 -0.0748801 -0.046632 -0.998832 0.0126545 -0.340136 0.998561 -0.0462759 0.0271112 0.187471
-0.0352285 0.00732781 0.999352 -0.102201 -0.0522369 -0.99862 0.00548101 -0.378909 0.998013 -0.05201 0.0355627 0.192406
-0.0416242 -0.00169506 0.999132 -0.117511 -0.0546322 -0.998499 -0.00396999 -0.405449 0.997639 -0.05475 0.0414691 0.20271
-0.0487478 -0.0102738 0.998758 -0.113099 -0.0574585 -0.998262 -0.0130732 -0.43763 0.997157 -0.0580245 0.0480728 0.19929
-0.0546618 -0.0216524 0.99827 -0.116993 -0.052635 -0.998312 -0.0245354 -0.480202 0.997117 -0.0538851 0.0534299 0.187322
-0.0560086 -0.0322155 0.99791 -0.121578 -0.0515789 -0.998051 -0.035115 -0.503837 0.997097 -0.0534379 0.0542378 0.193392
-0.0561051 -0.0387978 0.997671 -0.133361 -0.0479152 -0.997989 -0.0415047 -0.539237 0.997274 -0.0501322 0.0541332 0.195188
-0.0552271 -0.0429845 0.997548 -0.104435 -0.0514194 -0.997625 -0.0458345 -0.585389 0.997149 -0.0538246 0.0528857 0.160422
-0.0458402 -0.0515567 0.997617 -0.127644 -0.0525425 -0.99716 -0.0539474 -0.62388 0.997566 -0.0548903 0.0430011 0.174276
-0.0392401 -0.0646332 0.997137 -0.133429 -0.0593604 -0.995993 -0.066895 -0.644501 0.997465 -0.0618154 0.0352462 0.154355
-0.0316037 -0.080592 0.996246 -0.128485 -0.0661569 -0.994389 -0.0825405 -0.667659 0.997309 -0.0685172 0.0260947 0.156914
-0.0254948 -0.0940907 0.995237 -0.146719 -0.0754106 -0.992543 -0.0957678 -0.706336 0.996827 -0.077493 0.0182093 0.15194
-0.0233297 -0.110827 0.993566 -0.149422 -0.0829223 -0.990197 -0.112399 -0.716848 0.996283 -0.0850109 0.013911 0.155068
-0.0269363 -0.126523 0.991598 -0.154385 -0.0902556 -0.987598 -0.128465 -0.73924 0.995554 -0.0929576 0.0151828 0.1468
-0.0315373 -0.145392 0.988871 -0.177866 -0.0914015 -0.984799 -0.147708 -0.75607 0.995315 -0.0950426 0.0177689 0.158508
-0.0379574 -0.164241 0.98569 -0.179097 -0.091594 -0.981676 -0.1671 -0.755076 0.995073 -0.096626 0.0222184 0.164927
-0.0451153 -0.178968 0.98282 -0.187862 -0.0898934 -0.979103 -0.182417 -0.780278 0.994929 -0.0965789 0.0280845 0.169245
-0.0510311 -0.192993 0.979872 -0.186859 -0.0859399 -0.976663 -0.196837 -0.779156 0.994993 -0.0942549 0.0332544 0.17285
-0.0550628 -0.202285 0.977778 -0.179979 -0.0826925 -0.974975 -0.206362 -0.772985 0.995053 -0.0922178 0.0369574 0.176377
-0.0570022 -0.207147 0.976648 -0.163972 -0.0810578 -0.974049 -0.211327 -0.770808 0.995078 -0.091211 0.038732 0.177557
-0.0561098 -0.209033 0.976297 -0.159415 -0.0799385 -0.973758 -0.213084 -0.750653 0.995219 -0.0899999 0.0379276 0.181407
-0.0558965 -0.205472 0.977065 -0.155399 -0.0804719 -0.974484 -0.209533 -0.75174 0.995188 -0.0903385 0.0379355 0.1869
-0.0546747 -0.202029 0.977852 -0.160273 -0.0778506 -0.975474 -0.20589 -0.720837 0.995465 -0.0873834 0.0376057 0.197338
-0.0532293 -0.192644 0.979824 -0.158734 -0.075016 -0.977671 -0.196296 -0.721653 0.995761 -0.0839512 0.0375893 0.199174
-0.0512461 -0.184368 0.98152 -0.154885 -0.0737193 -0.979432 -0.187825 -0.692668 0.995961 -0.0819823 0.0366006 0.196327
-0.0465045 -0.171638 0.984062 -0.159941 -0.0764671 -0.981625 -0.174826 -0.666814 0.995987 -0.0833786 0.0325254 0.213151
-0.0434797 -0.156256 0.986759 -0.145749 -0.0827949 -0.983732 -0.159425 -0.646896 0.995618 -0.0886304 0.0298352 0.205915
-0.0439675 -0.14597 0.988311 -0.105598 -0.0864127 -0.985005 -0.149326 -0.595046 0.995289 -0.0919681 0.0306946 0.19806
-0.0434606 -0.135126 0.989875 -0.123361 -0.0854023 -0.986682 -0.13844 -0.596264 0.995398 -0.0905543 0.0313417 0.210754
-0.0456662 -0.127816 0.990746 -0.123316 -0.0828415 -0.98788 -0.131264 -0.557039 0.995516 -0.0880692 0.0345243 0.221658
-0.0485358 -0.116714 0.991979 -0.118863 -0.0807064 -0.989444 -0.120364 -0.540572 0.995555 -0.0859011 0.0386039 0.223205
-0.0491996 -0.104718 0.993284 -0.114106 -0.0795563 -0.990918 -0.108409 -0.505709 0.995615 -0.0843557 0.0404218 0.233486
-0.0497945 -0.0936846 0.994356 -0.0649089 -0.0768838 -0.992277 -0.0973389 -0.465969 0.995796 -0.0812968 0.0422071 0.230184
-0.0485496 -0.0779663 0.995773 -0.045046 -0.0761738 -0.993756 -0.0815223 -0.443321 0.995912 -0.0798097 0.0423074 0.215252
-0.0476433 -0.0634399 0.996848 -0.0417815 -0.0745629 -0.994971 -0.0668841 -0.406723 0.996078 -0.0775145 0.0426734 0.215666
-0.0458197 -0.0525981 0.997564 -0.0232396 -0.0703893 -0.995961 -0.0557466 -0.381076 0.996467 -0.0727721 0.0419323 0.231748
-0.0458552 -0.043778 0.997988 -0.02864 -0.0684629 -0.996553 -0.0468607 -0.373438 0.996599 -0.070474 0.0426999 0.250359
-0.0491721 -0.0438776 0.997826 0.00774133 -0.0646088 -0.996802 -0.0470165 -0.35031 0.996698 -0.0667803 0.04618 0.246494
-0.050163 -0.0442163 0.997762 0.0272963 -0.061815 -0.996967 -0.0472888 -0.341738 0.996826 -0.0640488 0.0472776 0.247326
-0.0478321 -0.0473702 0.997732 0.0464274 -0.0624278 -0.99678 -0.0503178 -0.332405 0.996903 -0.064693 0.0447209 0.253492
-0.0439266 -0.0526373 0.997647 0.0692185 -0.0673193 -0.996185 -0.0555243 -0.320808 0.996764 -0.0695999 0.0402155 0.257016
-0.0408456 -0.0558988 0.997601 0.0976917 -0.0748742 -0.995455 -0.0588442 -0.32071 0.996356 -0.0770981 0.0364746 0.263221
-0.0387061 -0.0597535 0.997462 0.059152 -0.0814917 -0.994697 -0.06275 -0.310571 0.995922 -0.0837137 0.0336314 0.269998
-0.0395227 -0.065774 0.997052 0.11041 -0.0808645 -0.994348 -0.0688011 -0.30755 0.995941 -0.0833453 0.0339805 0.277928
-0.041127 -0.0738049 0.996424 0.116742 -0.0821647 -0.993641 -0.0769901 -0.298565 0.99577 -0.0850372 0.0348013 0.290746
-0.0450032 -0.0761058 0.996084 0.142229 -0.0894093 -0.992785 -0.0798933 -0.301435 0.994978 -0.0926546 0.037874 0.279549
-0.0456292 -0.0741835 0.9962 0.118903 -0.100798 -0.991807 -0.0784732 -0.314119 0.99386 -0.103996 0.0377778 0.294304
-0.0479161 -0.0734405 0.996148 0.126528 -0.109474 -0.990899 -0.0783194 -0.313844 0.992834 -0.112805 0.0394403 0.288848
-0.0467385 -0.0734397 0.996204 0.125771 -0.118455 -0.989849 -0.0785287 -0.280707 0.991859 -0.121675 0.0375648 0.305108
-0.0459865 -0.070344 0.996462 0.113189 -0.122546 -0.989586 -0.075514 -0.300975 0.991397 -0.125585 0.0368872 0.297386
-0.0442229 -0.0765208 0.996087 0.099517 -0.118715 -0.989595 -0.0812926 -0.286878 0.991943 -0.121845 0.0346786 0.307637
-0.0437643 -0.0870368 0.995243 0.0899941 -0.105004 -0.990279 -0.0912201 -0.274881 0.993508 -0.108497 0.0341997 0.303718
-0.0410916 -0.0980787 0.99433 0.0716974 -0.0884585 -0.990906 -0.101397 -0.272223 0.995232 -0.0921234 0.032042 0.307471
-0.038909 -0.104694 0.993743 0.0472677 -0.0752547 -0.991365 -0.10739 -0.271826 0.996405 -0.0789623 0.0306943 0.294927
-0.0349191 -0.109485 0.993375 0.0364027 -0.0665784 -0.991518 -0.111621 -0.275478 0.99717 -0.070035 0.0273336 0.277962
-0.0275332 -0.113014 0.993212 0.0196356 -0.0595498 -0.991638 -0.114486 -0.252352 0.997846 -0.0622977 0.020573 0.273307
-0.0132503 -0.115349 0.993237 0.0238268 -0.0562791 -0.991663 -0.115917 -0.228456 0.998327 -0.0574344 0.00664811 0.286514
0.0021051 -0.113373 0.99355 -0.000261836 -0.0537017 -0.992132 -0.113098 -0.221518 0.998555 -0.0531173 -0.00817687 0.262356
0.0184164 -0.1105 0.993706 0.0127479 -0.0553327 -0.992464 -0.109336 -0.219065 0.998298 -0.0529708 -0.0243919 0.219808
0.0398244 -0.103349 0.993848 -0.0402663 -0.0572254 -0.99324 -0.100993 -0.235094 0.997567 -0.0528513 -0.0454694 0.204982
0.0557011 -0.100381 0.993389 -0.0530303 -0.0562626 -0.993668 -0.0972546 -0.235051 0.996861 -0.0504734 -0.0609961 0.183195
0.0669844 -0.103986 0.992321 -0.0270868 -0.0539053 -0.993479 -0.100469 -0.201754 0.996297 -0.0467615 -0.072153 0.174547
0.0705867 -0.104657 0.992 -0.0317584 -0.0522235 -0.993505 -0.1011 -0.176952 0.996138 -0.0446695 -0.0755938 0.154885
0.066817 -0.103514 0.992381 -0.0331037 -0.0497883 -0.993711 -0.100301 -0.17087 0.996522 -0.0427072 -0.0715506 0.142348
0.0580798 -0.103535 0.992929 -0.0355529 -0.0499697 -0.993662 -0.100688 -0.16278 0.997061 -0.0437684 -0.0628853 0.137986
0.0493203 -0.101771 0.993585 -0.0411938 -0.052147 -0.993701 -0.0991944 -0.159625 0.997421 -0.0469201 -0.0543167 0.167303
0.0331248 -0.103105 0.994119 -0.0284728 -0.051907 -0.9935 -0.101311 -0.144072 0.998102 -0.0482458 -0.0382614 0.110282
0.0259035 -0.102642 0.994381 -0.0239769 -0.0511737 -0.993547 -0.101223 -0.145691 0.998354 -0.0482641 -0.0309889 0.0993205
0.0232993 -0.103009 0.994407 -0.0209414 -0.0508307 -0.993513 -0.101726 -0.143522 0.998435 -0.0481762 -0.0283842 0.0903129
