0 0 1 0 -1 0 0 0 0 -1 0 0
0.000132329 -0.000140786 1 -0.00195202 -1 0.000260279 0.000132366 -0.000446636 -0.000260298 -1 -0.000140752 -0.000110801
1.46643e-06 -0.000118555 1 -0.000461335 -1 -0.000105426 1.45393e-06 0.000252056 0.000105426 -1 -0.000118555 -0.00033507
1.14616e-06 -0.000280268 1 -0.00223107 -1 -0.00050383 1.00495e-06 -0.000419439 0.00050383 -1 -0.000280269 0.000380242
7.19169e-05 0.000131697 1 -0.000101627 -1 0.000134502 7.18991e-05 -0.000288492 -0.000134492 -1 0.000131706 -0.000942349
-0.00192255 -0.00104258 0.999998 -0.00218187 -0.999998 -0.000328066 -0.00192289 0.000568426 0.000330069 -0.999999 -0.00104195 0.000445021
0.000245609 0.000127694 1 -0.00206317 -1 0.000377608 0.000245561 -0.000529345 -0.000377577 -1 0.000127786 -0.000201746
-0.00198943 -0.000898545 0.999998 -0.00220178 -0.999998 -0.000275743 -0.00198968 0.000574893 0.00027753 -1 -0.000897995 0.000352882
0.00025877 9.55802e-05 1 -0.00210834 -1 0.000317799 0.000258739 -0.000571732 -0.000317774 -1 9.56624e-05 -0.000159724
-0.00197556 -0.00113743 0.999997 -0.002233 -0.999998 -0.000260996 -0.00197586 0.00056836 0.000263243 -0.999999 -0.00113691 0.000498092
0.000255045 0.000130759 1 -0.00215388 -1 0.000324969 0.000255003 -0.000582517 -0.000324936 -1 0.000130842 -0.000166021
-0.0022188 -0.000621766 0.999997 -0.00218532 -0.999997 -0.000352401 -0.00221902 0.000727747 0.00035378 -1 -0.000620983 0.000200947
0.000307448 0.000186293 1 -0.00213683 -1 0.000505413 0.000307354 -0.000607372 -0.000505356 -1 0.000186448 -0.000230422
-0.00198268 -0.000935312 0.999998 -0.00217277 -0.999998 -0.000287664 -0.00198295 0.000590604 0.000289518 -1 -0.000934739 0.000366229
0.000257128 0.000111848 1 -0.00206769 -1 0.000361366 0.000257088 -0.0005519 -0.000361337 -1 0.000111941 -0.000183291
-0.00192451 -0.000846824 0.999998 -0.00212535 -0.999998 -0.000275389 -0.00192475 0.000555957 0.000277018 -1 -0.000846292 0.000312459
0.000235391 6.19592e-05 1 -0.00199802 -1 0.000250151 0.000235375 -0.000558111 -0.000250137 -1 6.2018e-05 -0.000179438
-0.00204572 -0.000878976 0.999998 -0.00216092 -0.999998 -0.000305045 -0.00204598 0.000630802 0.000306843 -1 -0.00087835 0.00034289
0.000244126 0.000110196 1 -0.0020442 -1 0.000357207 0.000244086 -0.000544966 -0.00035718 -1 0.000110283 -0.000211935
-0.00205876 -0.00090085 0.999997 -0.00218404 -0.999998 -0.000259188 -0.00205899 0.00064194 0.000261042 -1 -0.000900314 0.000349892
9.25855e-07 -0.00027756 1 -0.00208281 -1 0.000224568 9.88186e-07 -0.000398991 -0.000224568 -1 -0.00027756 -2.91625e-06
-0.00203853 -0.00122615 0.999997 -0.00224 -0.999998 -0.000219788 -0.0020388 0.000600104 0.000222287 -0.999999 -0.0012257 0.000548555
0.000322332 0.000181298 1 -0.0020784 -1 0.000425714 0.000322255 -0.000622544 -0.000425656 -1 0.000181436 -0.000225761
-0.00211381 -0.00101253 0.999997 -0.00222748 -0.999998 -0.000276414 -0.00211409 0.00066437 0.000278554 -0.999999 -0.00101194 0.000439193
0.000220053 5.60272e-05 1 -0.00204111 -1 0.000227317 0.00022004 -0.000522038 -0.000227304 -1 5.60773e-05 -0.000160977
-0.00196363 -0.00120478 0.999997 -0.00222071 -0.999998 -0.00015303 -0.00196382 0.000582311 0.000155395 -0.999999 -0.00120448 0.000554809
0.000242291 5.09131e-05 1 -0.00207192 -1 0.000287946 0.000242277 -0.000564089 -0.000287934 -1 5.09829e-05 -0.000161899
-0.00208865 -0.00102506 0.999997 -0.00224029 -0.999998 -0.000267533 -0.00208893 0.000661808 0.000269674 -0.999999 -0.0010245 0.000435964
0.000140361 -2.99643e-05 1 -0.00190829 -1 -2.62852e-05 0.00014036 -0.000423186 2.62809e-05 -1 -2.9968e-05 -0.000103151
-0.00204485 -0.00108903 0.999997 -0.00224746 -0.999998 -0.000218971 -0.00204508 0.000609734 0.000221197 -0.999999 -0.00108858 0.000470669
0.000206671 9.24358e-06 1 -0.00217537 -1 6.29077e-05 0.000206671 -0.000542573 -6.29058e-05 -1 9.25658e-06 -4.92098e-05
-0.00237135 -0.000595333 0.999997 -0.00219382 -0.999997 -0.000300611 -0.00237153 0.000840409 0.000302021 -1 -0.000594619 0.000208095
0.00021527 0.000100281 1 -0.00206786 -1 0.000274864 0.000215243 -0.000568495 -0.000274843 -1 0.00010034 -0.000157618
-0.00214447 -0.00104366 0.999997 -0.00222417 -0.999998 -0.000243743 -0.00214473 0.000644729 0.00024598 -0.999999 -0.00104314 0.000443608
0.000234573 8.16536e-05 1 -0.00204127 -1 0.000260523 0.000234552 -0.000541783 -0.000260504 -1 8.17147e-05 -0.00014864
-0.00204143 -0.00123011 0.999997 -0.00221231 -0.999998 -0.000266941 -0.00204176 0.000607133 0.000269452 -0.999999 -0.00122957 0.000567098
0.000331105 0.000203544 1 -0.00211541 -1 0.000596518 0.000330983 -0.000641126 -0.000596451 -1 0.000203741 -0.000257242
-0.00208959 -0.000872331 0.999997 -0.00218109 -0.999998 -0.000275774 -0.00208983 0.000683026 0.000277596 -1 -0.000871753 0.000363359
0.000213664 3.48645e-05 1 -0.00202301 -1 0.000159477 0.000213658 -0.000544247 -0.00015947 -1 3.48985e-05 -0.000123912
-0.00205378 -0.00109298 0.999997 -0.0022143 -0.999998 -0.000258519 -0.00205407 0.00063026 0.000260763 -0.999999 -0.00109244 0.000466765
0.000265807 9.79811e-05 1 -0.00215499 -1 0.000295316 0.000265778 -0.000619798 -0.00029529 -1 9.80596e-05 -0.000149956
-0.0021263 -0.000873997 0.999997 -0.00214534 -0.999998 -0.000312121 -0.00212657 0.000690604 0.000313979 -1 -0.000873331 0.000366344
0.000259757 4.92659e-05 1 -0.00202802 -1 0.000234997 0.000259745 -0.000547023 -0.000234984 -1 4.93269e-05 -0.000142948
-0.00206079 -0.000955435 0.999997 -0.00218855 -0.999998 -0.000316241 -0.0020611 0.000643633 0.00031821 -0.999999 -0.000954781 0.00038693
0.0003426 0.000173022 1 -0.00215882 -1 0.000478636 0.000342517 -0.000644745 -0.000478577 -1 0.000173186 -0.000199913
-0.00201912 -0.00107749 0.999997 -0.002246 -0.999998 -0.000335962 -0.00201949 0.000589928 0.000338137 -0.999999 -0.00107681 0.000462883
0.000350043 0.000204927 1 -0.00207231 -1 0.000510298 0.000349938 -0.000633614 -0.000510226 -1 0.000205105 -0.000220697
-0.00228461 -0.000514692 0.999997 -0.00213047 -0.999997 -0.000448069 -0.00228484 0.000750527 0.000449243 -1 -0.000513667 0.000170341
0.000289327 0.000141168 1 -0.00220055 -1 0.000472281 0.00028926 -0.000583131 -0.00047224 -1 0.000141304 -0.000166372
-0.00216341 -0.000841977 0.999997 -0.00211082 -0.999998 -0.000322971 -0.00216368 0.000700454 0.000324792 -1 -0.000841276 0.00034116
0.000268895 0.00015674 1 -0.00210536 -1 0.000474174 0.000268821 -0.000582431 -0.000474132 -1 0.000156868 -0.000239366
-0.00208076 -0.00068876 0.999998 -0.00211128 -0.999998 -0.000382345 -0.00208102 0.000664204 0.000383778 -1 -0.000687963 0.000250683
0.000315044 0.000149301 1 -0.00215343 -1 0.000406279 0.000314983 -0.000658803 -0.000406232 -1 0.000149429 -0.000194626
-0.00212343 -0.000782011 0.999997 -0.00211402 -0.999998 -0.000326915 -0.00212368 0.000731161 0.000328575 -1 -0.000781315 0.000306497
0.000250935 7.10347e-05 1 -0.0021206 -1 0.000361844 0.000250909 -0.000625372 -0.000361826 -1 7.11255e-05 -0.000167253
-0.00198487 -0.00125805 0.999997 -0.00223524 -0.999998 -0.000228568 -0.00198516 0.000639457 0.000231064 -0.999999 -0.0012576 0.000592088
0.000391749 0.000279941 1 -0.00213443 -1 0.000544727 0.000391597 -0.000665787 -0.000544617 -1 0.000280154 -0.000242023
-0.00220745 -0.000574177 0.999997 -0.00210776 -0.999997 -0.000527316 -0.00220775 0.00078644 0.000528582 -1 -0.000573011 0.00017053
-4.8303e-05 2.54611e-05 1 -0.00227109 -1 0.000177412 -4.83075e-05 -0.000376928 -0.000177413 -1 2.54526e-05 -0.000124585
-0.0022213 -0.000549913 0.999997 -0.00209152 -0.999997 -0.000642688 -0.00222165 0.000713998 0.000643908 -1 -0.000548484 0.000212205
-0.000229658 -0.000118407 1 -0.00231558 -1 0.000163073 -0.000229638 -0.000264397 -0.000163046 -1 -0.000118444 -5.1194e-05
-0.00223745 -0.000340499 0.999997 -0.00198953 -0.999997 -0.000442371 -0.0022376 0.000707716 0.000443132 -1 -0.000339508 0.000103391
0.000457167 0.000310197 1 -0.00205637 -1 0.000804808 0.000456917 -0.000602324 -0.000804666 -1 0.000310565 -0.000208489
0.00135392 -0.00177465 0.999998 -0.000602636 -0.999994 0.00308 0.00135938 -0.000704462 -0.0030824 -0.999994 -0.00177047 6.76812e-05
-0.000686599 -0.000343523 1 -0.00206252 -1 -0.000363578 -0.000686724 -0.000360537 0.000363814 -1 -0.000343273 2.96746e-05
-0.00012612 -0.000241004 1 -0.000636784 -0.999998 -0.00184494 -0.000126565 -0.000275887 0.00184497 -0.999998 -0.000240771 0.000169601
0.000302353 -0.000129928 1 -0.00190314 -1 0.000273047 0.000302388 -0.000507619 -0.000273086 -1 -0.000129846 -9.72217e-05
0.000180131 -0.00511769 0.999987 -0.00298956 -0.999998 0.00182302 0.000189463 -0.000600368 -0.00182396 -0.999985 -0.00511735 0.00222459
0.000398184 -3.4669e-05 1 -0.00168845 -1 0.000314527 0.000398195 -0.000340277 -0.000314541 -1 -3.45438e-05 -9.24658e-05
0.000907109 -0.0010422 0.999999 -0.00244291 -0.999995 0.00303291 0.000910266 -0.000721298 -0.00303386 -0.999995 -0.00103944 0.000831125
-7.87047e-06 0.000273134 1 -0.00304984 -0.999996 0.00273057 -8.61625e-06 0.000173171 -0.00273057 -0.999996 0.000273112 0.000469126
0.000128135 0.000264255 1 0.000135907 -0.999999 0.00134158 0.00012778 0.000130781 -0.00134155 -0.999999 0.000264427 -0.000195594
0.00140793 -0.00104242 0.999998 -0.00258873 -0.999996 0.00253291 0.00141057 -0.000620599 -0.00253438 -0.999996 -0.00103885 -0.000286782
-0.000430654 -0.00309618 0.999995 -0.00179012 -0.999996 0.00276372 -0.000422097 0.000228959 -0.0027624 -0.999991 -0.00309736 0.00141166
0.000950168 -0.000791325 0.999999 -0.00251837 -0.999997 0.00222711 0.000951928 -0.000691269 -0.00222786 -0.999997 -0.000789206 -0.000207167
-0.000243456 -0.00209602 0.999998 -0.00154903 -1 0.000955238 -0.000241455 -6.87465e-05 -0.00095473 -0.999997 -0.00209626 0.00104196
0.00148675 -0.000428073 0.999999 -0.00217087 -0.999997 0.00212857 0.00148766 -0.000636455 -0.0021292 -0.999998 -0.000424907 5.79689e-05
0.00231481 -0.00331702 0.999992 -0.00202565 -0.999986 0.00467407 0.00233031 1.41455e-05 -0.00468176 -0.999984 -0.00330615 0.00216635
0.00546282 0.000982802 0.999985 0.00110663 -0.999984 0.0012423 0.0054616 -4.36233e-05 -0.00123691 -0.999999 0.000989573 0.00188934
0.0114551 -0.00244949 0.999931 -0.00143248 -0.999917 0.00588704 0.0114693 0.000314148 -0.00591473 -0.99998 -0.00238185 0.00220484
0.00811047 -0.00500745 0.999955 -0.00203498 -0.999966 -0.00172974 0.0081019 0.00168148 0.00168909 -0.999986 -0.00502131 0.00267033
0.0110877 -0.0110153 0.999878 -0.00831281 -0.999938 -0.000804231 0.0110795 0.00383922 0.000682089 -0.999939 -0.0110235 0.0149476
0.0136281 -0.0131542 0.999821 -0.02065 -0.999904 -0.00265794 0.0135942 0.00803037 0.00247864 -0.99991 -0.0131892 0.0369072
0.0194361 -0.00863516 0.999774 -0.0373654 -0.999809 0.00168086 0.0194513 0.00535679 -0.00184845 -0.999961 -0.00860085 0.0671628
0.0247796 0.00205184 0.999691 -0.00828405 -0.99969 0.00245255 0.0247746 0.00200264 -0.00240096 -0.999995 0.00211198 0.0798857
0.0311868 0.012756 0.999432 -0.0117872 -0.999498 0.00597091 0.0311126 0.00139898 -0.00557064 -0.999901 0.0129358 0.102536
0.0377578 0.0190606 0.999105 -0.0170628 -0.99926 0.00812667 0.0376086 -0.00094887 -0.00740256 -0.999785 0.0193534 0.12204
0.0469976 0.0197667 0.998699 -0.0180167 -0.998838 0.0115641 0.0467753 -0.0027275 -0.0106245 -0.999738 0.0202872 0.141848
0.0582011 0.0168096 0.998163 0.00258952 -0.998162 0.017917 0.0578993 -0.0118039 -0.0169108 -0.999698 0.0178214 0.156755
0.0647678 0.00832606 0.997866 -0.0291901 -0.997677 0.0216996 0.0645745 -0.0265458 -0.0211156 -0.99973 0.00971216 0.161546
0.0727452 0.00476189 0.997339 -0.022445 -0.996851 0.0319923 0.0725568 -0.0170507 -0.0315616 -0.999477 0.00707418 0.186422
0.0806649 0.00253387 0.996738 -0.0475314 -0.996088 0.0364053 0.0805197 -0.0209101 -0.0360825 -0.999334 0.00546058 0.225794
0.0855453 0.00745286 0.996306 -0.0616581 -0.995981 0.0272832 0.0853133 -0.0274652 -0.0265466 -0.9996 0.00975686 0.270967
0.0902277 0.0260212 0.995581 -0.0159812 -0.995656 0.0254171 0.0895702 -0.02001 -0.022974 -0.999338 0.0282015 0.210933
0.100239 0.0317662 0.994456 -0.0629699 -0.994765 0.0231773 0.09953 -0.0248965 -0.0198871 -0.999227 0.0339231 0.272795
0.109606 0.0391459 0.993204 -0.103685 -0.99363 0.0306537 0.108445 -0.0130742 -0.0262002 -0.998763 0.0422564 0.318784
0.120479 0.0495351 0.991479 -0.0931732 -0.992007 0.0437547 0.118357 -0.0238958 -0.0375191 -0.997814 0.0544107 0.314374
0.125768 0.0558007 0.990489 -0.0725887 -0.991008 0.0530299 0.122847 -0.00724612 -0.0456706 -0.997033 0.0619685 0.346868
0.12928 0.0647611 0.989491 -0.0744167 -0.990186 0.0618553 0.125322 -0.0223532 -0.0530893 -0.995982 0.0721221 0.350514
0.133658 0.0687371 0.988641 -0.140172 -0.989337 0.0674958 0.12906 -0.0546569 -0.0578579 -0.995349 0.0770255 0.384461
0.129615 0.0706412 0.989045 -0.12561 -0.990067 0.0640241 0.125176 -0.0301806 -0.0544801 -0.995445 0.0782379 0.406808
0.133324 0.0757563 0.988173 -0.0977211 -0.989564 0.065171 0.128515 -0.0635052 -0.0546644 -0.994994 0.0836546 0.393358
0.132403 0.0781742 0.988108 -0.104033 -0.989757 0.0641271 0.127551 -0.0702698 -0.0533933 -0.994875 0.0858641 0.392393
0.126315 0.0821073 0.988586 -0.102836 -0.990719 0.0608827 0.121531 -0.0702306 -0.0502092 -0.994762 0.0890356 0.398253
0.116723 0.0883475 0.989227 -0.101794 -0.992183 0.0546365 0.112193 -0.0759925 -0.044136 -0.99459 0.0940343 0.391069
0.10892 0.09252 0.989736 -0.10839 -0.993092 0.053832 0.104258 -0.0700782 -0.0436336 -0.994255 0.0977444 0.371915
0.108073 0.0934178 0.989744 -0.0835925 -0.993307 0.0509747 0.103651 -0.0789304 -0.0407691 -0.994321 0.0983015 0.358758
0.10435 0.0914568 0.990327 -0.073736 -0.99386 0.0464189 0.100436 -0.0657208 -0.0367844 -0.994727 0.0957391 0.319165
0.102903 0.0783539 0.991601 -0.0770917 -0.994184 0.0399331 0.100015 -0.0827171 -0.0317611 -0.996126 0.0820074 0.342572
0.101786 0.0674556 0.992517 -0.0634896 -0.994492 0.0319833 0.0998144 -0.110377 -0.025011 -0.99721 0.0703395 0.30982
0.0937174 0.0491449 0.994385 -0.055661 -0.995434 0.022809 0.0926889 -0.0619338 -0.0181258 -0.998531 0.0510581 0.280492
0.0909628 0.0342332 0.995266 -0.0501361 -0.995731 0.0188552 0.0903567 -0.103896 -0.0156728 -0.999236 0.0358022 0.22836
0.0884127 0.0192344 0.995898 -0.0527709 -0.996052 0.00967058 0.0882396 -0.0862083 -0.00793368 -0.999768 0.0200135 0.226791
0.0870058 0.00915917 0.996166 -0.0375824 -0.996201 0.0044708 0.0869677 -0.0994395 -0.00365711 -0.999948 0.00951336 0.205941
0.0864131 -0.000314192 0.996259 -0.0311143 -0.996258 -0.00181732 0.0864124 -0.116548 0.00178337 -0.999998 -0.000470057 0.210923
0.0875441 -0.000320042 0.996161 -0.02768 -0.996158 -0.00235921 0.0875431 -0.116871 0.00232214 -0.999997 -0.000525348 0.157569
0.0807266 -0.000254341 0.996736 -0.010419 -0.996701 -0.00844991 0.0807216 -0.0701376 0.0084018 -0.999964 -0.000935634 0.162358
0.0819124 0.00271437 0.996636 -0.0377842 -0.996477 -0.0178582 0.0819479 -0.1495 0.0180206 -0.999837 0.001242 0.126387
0.0775922 0.00210219 0.996983 -0.038186 -0.996552 -0.0293251 0.0776204 -0.151353 0.0293998 -0.999568 -0.000180453 0.109553
0.0740783 -0.0032282 0.997247 -0.0376317 -0.996333 -0.0431691 0.0738706 -0.147438 0.0428118 -0.999063 -0.00641426 0.100867
0.0757111 -0.00878796 0.997091 -0.0387041 -0.995784 -0.0526078 0.0751482 -0.147921 0.0517944 -0.998577 -0.0127339 0.0958552
0.0794634 -0.0191652 0.996654 -0.0417443 -0.995124 -0.0601264 0.0781853 -0.149681 0.0584267 -0.998007 -0.0238496 0.0970976
0.0831697 -0.0250114 0.996221 -0.0434071 -0.994876 -0.059754 0.0815572 -0.148226 0.0574884 -0.9979 -0.029853 0.10608
0.0889708 -0.0292545 0.995605 -0.0529841 -0.994489 -0.0582653 0.0871591 -0.14831 0.0554595 -0.997872 -0.0342772 0.122735
0.0943704 -0.0292955 0.995106 -0.0664764 -0.994197 -0.0546183 0.0926763 -0.151619 0.051636 -0.998077 -0.0342798 0.147926
0.10136 -0.0273222 0.994475 -0.0778321 -0.993911 -0.0462033 0.100033 -0.152133 0.0432149 -0.998558 -0.031839 0.173454
0.106824 -0.0202594 0.994072 -0.082446 -0.993577 -0.0397225 0.105961 -0.150945 0.0373403 -0.999005 -0.0243726 0.200239
0.110993 -0.00513714 0.993808 -0.0723951 -0.993304 -0.0328271 0.110767 -0.141309 0.0320548 -0.999448 -0.00874633 0.18409
0.11624 0.011189 0.993158 -0.0801213 -0.99277 -0.0288372 0.116519 -0.175696 0.0299436 -0.999521 0.00775612 0.168736
0.123214 0.0149791 0.992267 -0.0926781 -0.992004 -0.0256849 0.123569 -0.22083 0.0273373 -0.999558 0.0116946 0.319412
0.122896 0.029595 0.991978 -0.105125 -0.992102 -0.0216092 0.123556 -0.223431 0.0250925 -0.999328 0.0267056 0.355166
0.120136 0.0419207 0.991872 -0.103352 -0.992506 -0.0174239 0.120949 -0.22441 0.0223526 -0.998969 0.0395133 0.37869
0.108603 0.0532478 0.992658 -0.107076 -0.993831 -0.0167875 0.109632 -0.217079 0.0225019 -0.99844 0.0510961 0.406443
0.0998787 0.0580597 0.993304 -0.14233 -0.994804 -0.0139589 0.100845 -0.237669 0.0197205 -0.998216 0.0563639 0.441669
0.0806869 0.067482 0.994453 -0.10701 -0.996324 -0.0233553 0.0824235 -0.213437 0.0287878 -0.997447 0.0653494 0.445674
0.0646589 0.0672494 0.995639 -0.126206 -0.997521 -0.0234222 0.0663631 -0.162355 0.0277829 -0.997461 0.0655682 0.485028
0.0666993 0.0817609 0.994418 -0.0939081 -0.997478 -0.0187858 0.0684491 -0.175185 0.0242774 -0.996475 0.0803017 0.390715
0.0787311 0.0747075 0.994093 -0.0897935 -0.996677 -0.0149745 0.0800612 -0.225561 0.0208672 -0.997093 0.0732803 0.472756
0.0844832 0.0767278 0.993466 -0.115542 -0.996148 -0.0170146 0.0860253 -0.213342 0.023504 -0.996907 0.0749947 0.486538
0.0868187 0.0810728 0.99292 -0.10813 -0.995893 -0.0186251 0.0885995 -0.21077 0.0256762 -0.996534 0.0791228 0.485364
0.0830527 0.0862761 0.992803 -0.106483 -0.996043 -0.02445 0.0854484 -0.209147 0.0316462 -0.995971 0.083904 0.473858
0.0824886 0.090609 0.992464 -0.100683 -0.995849 -0.0309654 0.0855969 -0.203715 0.0384879 -0.995405 0.0876785 0.458199
0.0825583 0.0909931 0.992423 -0.0834401 -0.99572 -0.0339887 0.0859489 -0.184218 0.041552 -0.995271 0.0877976 0.444509
0.0858419 0.0887948 0.992344 -0.0969949 -0.995162 -0.0401433 0.0896776 -0.201827 0.0477989 -0.995241 0.0849192 0.419145
0.0919346 0.0787921 0.992643 -0.0924789 -0.994573 -0.0415005 0.0954075 -0.234125 0.0487125 -0.996027 0.0745492 0.430393
0.0943497 0.0661123 0.993341 -0.0699583 -0.994153 -0.0463767 0.0975134 -0.214153 0.0525147 -0.996734 0.0613501 0.390885
0.0984419 0.0483116 0.993969 -0.046834 -0.993751 -0.0480419 0.100755 -0.191197 0.0526198 -0.997676 0.0432803 0.36863
0.108509 0.0291794 0.993667 -0.0597956 -0.992707 -0.0496399 0.109861 -0.21782 0.0525312 -0.998341 0.0235802 0.323204
0.117028 0.00666525 0.993106 -0.0337027 -0.992047 -0.0458761 0.117211 -0.195859 0.0463411 -0.998925 0.00124344 0.292694
0.122467 -0.0118469 0.992402 -0.0354205 -0.991436 -0.0471418 0.121785 -0.188531 0.0453408 -0.998818 -0.0175188 0.276829
0.133488 -0.0222271 0.990801 -0.010173 -0.990515 -0.0358591 0.132645 -0.238026 0.0325809 -0.99911 -0.026803 0.197054
0.125925 -0.0347247 0.991432 0.00815308 -0.991401 -0.040269 0.124511 -0.179205 0.0356004 -0.998585 -0.039497 0.239689
0.124357 -0.0402154 0.991422 0.00857967 -0.991752 -0.0362779 0.122927 -0.18291 0.0310232 -0.998532 -0.0443951 0.2253
0.121066 -0.0378317 0.991923 0.0101331 -0.992249 -0.0328313 0.119853 -0.197233 0.0280319 -0.998745 -0.0415132 0.211796
0.1158 -0.0337825 0.992698 -0.00140358 -0.992908 -0.0310134 0.114769 -0.206072 0.0269097 -0.998948 -0.0371342 0.214011
0.104995 -0.0255152 0.994145 -0.00596393 -0.994123 -0.029196 0.104243 -0.177817 0.0263652 -0.999248 -0.0284307 0.172967
0.0944895 -0.0188079 0.995348 -0.0024695 -0.994803 -0.0398732 0.0936843 -0.177364 0.0379257 -0.999028 -0.0224778 0.162152
0.0872204 -0.0132195 0.996101 -0.00414563 -0.995692 -0.0327335 0.0867502 -0.182427 0.0314591 -0.999377 -0.0160176 0.158154
0.0799933 -0.0127142 0.996714 0.000595508 -0.99617 -0.0364396 0.0794847 -0.18645 0.0353092 -0.999255 -0.0155804 0.148233
0.0780206 -0.0133833 0.996862 -0.0216092 -0.996221 -0.0393231 0.0774425 -0.212745 0.0381632 -0.999137 -0.0164007 0.144417
0.0702463 -0.0190318 0.997348 0.00742699 -0.996856 -0.0380765 0.069485 -0.201375 0.0366531 -0.999094 -0.0216467 0.144685
0.0650286 -0.0228781 0.997621 -0.00210106 -0.997432 -0.0315725 0.0642922 -0.219628 0.0300265 -0.99924 -0.0248725 0.147662
0.0579663 -0.0257119 0.997987 -0.000358194 -0.998057 -0.0243851 0.0573421 -0.230582 0.0228617 -0.999372 -0.0270754 0.14884
0.0498427 -0.0263453 0.99841 -0.00612416 -0.998587 -0.0197798 0.0493296 -0.249966 0.0184488 -0.999457 -0.027294 0.160118
0.0412156 -0.0231644 0.998882 -0.0201201 -0.999081 -0.0127362 0.0409285 -0.269226 0.0117739 -0.999651 -0.023668 0.157562
0.0355763 -0.0161084 0.999237 -0.0171583 -0.999354 -0.00564729 0.0354894 -0.286038 0.00507131 -0.999854 -0.0162989 0.160931
0.0289667 -0.00849292 0.999544 -0.0410333 -0.99958 0.000225744 0.0289697 -0.340603 -0.000471678 -0.999964 -0.00848281 0.167559
0.0203429 0.000218022 0.999793 -0.0217217 -0.999768 0.00713339 0.0203408 -0.342352 -0.00712748 -0.999975 0.000363085 0.177268
0.0129758 0.00773999 0.999886 -0.0557624 -0.999814 0.0143373 0.0128639 -0.367671 -0.0142361 -0.999867 0.0079246 0.192575
0.00589779 0.0193757 0.999795 -0.0492658 -0.999677 0.0248219 0.00541605 -0.400614 -0.0247118 -0.999504 0.0195158 0.166708
-0.00510894 0.0262255 0.999643 -0.0646373 -0.999524 0.030285 -0.00590285 -0.371309 -0.030429 -0.999197 0.0260582 0.193342
-0.00931005 0.0445204 0.998965 -0.0522629 -0.99921 0.0381727 -0.0110136 -0.422891 -0.0386235 -0.998279 0.0441299 0.117638
-0.0171388 0.0521769 0.998491 -0.0480082 -0.998906 0.0425603 -0.0193699 -0.463615 -0.0435067 -0.997731 0.0513904 0.115481
-0.030149 0.0572709 0.997903 -0.0688231 -0.998458 0.0448396 -0.0327392 -0.445516 -0.0466206 -0.997351 0.0558307 0.120863
-0.0383399 0.0631541 0.997267 -0.0638554 -0.998367 0.0398666 -0.0409068 -0.518872 -0.0423411 -0.997207 0.0615225 0.107869
-0.0477116 0.0618138 0.996947 -0.0694779 -0.998092 0.0362058 -0.0500113 -0.566828 -0.0391866 -0.997431 0.0599684 0.132101
-0.0532089 0.0655056 0.996433 -0.0597007 -0.997781 0.0365188 -0.0556816 -0.625265 -0.0400359 -0.997184 0.0634171 0.118302
-0.0622756 0.0616749 0.996152 -0.0725096 -0.997197 0.0376385 -0.0646713 -0.600006 -0.0414822 -0.997386 0.059158 0.0986869
-0.0724093 0.0522378 0.996006 -0.0931909 -0.996438 0.0394988 -0.0745123 -0.62111 -0.0432334 -0.997853 0.0491916 0.10169
-0.0782926 0.039168 0.996161 -0.104168 -0.995721 0.0461256 -0.0800717 -0.728376 -0.0490848 -0.998167 0.0353891 0.153447
-0.0947224 0.0302908 0.995043 -0.115929 -0.993976 0.0524835 -0.0962185 -0.748439 -0.0551378 -0.998162 0.025137 0.158198
-0.110521 0.026592 0.993518 -0.094048 -0.991649 0.0639067 -0.112023 -0.755061 -0.0664714 -0.997602 0.0193069 0.132157
-0.125157 0.0260367 0.991795 -0.104453 -0.989288 0.0724226 -0.126742 -0.785837 -0.0751283 -0.997034 0.0166936 0.111961
-0.14064 0.0248162 0.98975 -0.124422 -0.986961 0.0755264 -0.142137 -0.816084 -0.0782796 -0.996835 0.0138707 0.146408
-0.158593 0.036004 0.986687 -0.110466 -0.983709 0.0799074 -0.16103 -0.823443 -0.0846414 -0.996152 0.0227447 0.0749549
-0.174735 0.0377897 0.98389 -0.111276 -0.98106 0.0781615 -0.177234 -0.874357 -0.0835999 -0.996224 0.0234164 0.147419
-0.191157 0.0446171 0.980545 -0.112766 -0.978126 0.0748277 -0.19409 -0.89087 -0.0820317 -0.996198 0.0293373 0.151474
-0.20438 0.0509816 0.977563 -0.103967 -0.975592 0.0713232 -0.207687 -0.891291 -0.0803112 -0.99615 0.0351601 0.148605
-0.212564 0.0555157 0.975569 -0.0721516 -0.974004 0.0679766 -0.216091 -0.909423 -0.0783123 -0.996141 0.0396232 0.147881
-0.217638 0.0568388 0.974373 -0.0942258 -0.972909 0.0671268 -0.221227 -0.889703 -0.0779808 -0.996124 0.0406897 0.151727
-0.220139 0.0543846 0.973951 -0.0787775 -0.972336 0.0677227 -0.223556 -0.860868 -0.0781166 -0.996221 0.0379717 0.172952
-0.220386 0.0524531 0.974001 -0.096749 -0.972474 0.065639 -0.223575 -0.839521 -0.0756597 -0.996464 0.0365434 0.200031
-0.215789 0.0546413 0.97491 -0.076411 -0.973689 0.0628593 -0.219042 -0.804876 -0.0732509 -0.996525 0.0396393 0.163683
-0.20544 0.0531775 0.977224 -0.0976275 -0.976141 0.0605928 -0.20851 -0.827737 -0.0703007 -0.996745 0.0394606 0.171348
-0.199306 0.0517999 0.978567 -0.0621378 -0.977616 0.058178 -0.202192 -0.758309 -0.0674045 -0.996961 0.0390452 0.170587
-0.183528 0.0478703 0.981848 -0.0836325 -0.980512 0.0623081 -0.186316 -0.780042 -0.0700961 -0.996908 0.0355021 0.173575
-0.171359 0.0446423 0.984197 -0.0480497 -0.982419 0.0673748 -0.174106 -0.707272 -0.0740825 -0.996728 0.0323122 0.17972
-0.155506 0.0429125 0.986902 -0.0724116 -0.984829 0.0711411 -0.158273 -0.730877 -0.0770012 -0.996543 0.0311986 0.17825
-0.14997 0.0439886 0.987712 -0.0350273 -0.985676 0.0712964 -0.152836 -0.650393 -0.0771433 -0.996485 0.0326662 0.189751
-0.14116 0.0479435 0.988825 -0.0253521 -0.987199 0.0680853 -0.144229 -0.662749 -0.0742393 -0.996527 0.0377189 0.189329
-0.131736 0.0497278 0.990037 -0.0233207 -0.988618 0.0666234 -0.134893 -0.592859 -0.0726676 -0.996538 0.0403851 0.200204
-0.119024 0.0537702 0.991434 -0.00670171 -0.990331 0.0652364 -0.12243 -0.574243 -0.0712606 -0.99642 0.0454856 0.178884
-0.106134 0.0509006 0.993048 -0.0166924 -0.992023 0.0628969 -0.109248 -0.545999 -0.0680204 -0.996721 0.0438191 0.19697
-0.0917058 0.0501931 0.99452 -0.0169834 -0.993479 0.0633413 -0.0948065 -0.509064 -0.0677529 -0.996729 0.044057 0.194662
-0.0720424 0.04979 0.996158 -0.00633941 -0.99531 0.0610557 -0.0750328 -0.554885 -0.064557 -0.996892 0.0451579 0.178147
-0.0606024 0.0463375 0.997086 0.0164759 -0.996363 0.0571385 -0.0632138 -0.499324 -0.0599012 -0.99729 0.0427063 0.220307
-0.0555027 0.0514162 0.997134 0.0774639 -0.996724 0.0559792 -0.0583664 -0.474156 -0.0588197 -0.997107 0.0481408 0.197305
-0.0551228 0.0540953 0.997013 0.0544986 -0.997047 0.0504793 -0.0578636 -0.447832 -0.0534586 -0.997259 0.051153 0.201497
-0.0553865 0.0556775 0.996911 0.116937 -0.99711 0.0489104 -0.0581291 -0.446779 -0.0519958 -0.99725 0.0528076 0.203606
-0.0596156 0.0517303 0.99688 0.0851849 -0.99689 0.048482 -0.062132 -0.42394 -0.0515449 -0.997484 0.0486791 0.211242
-0.0637986 0.0493229 0.996743 0.154 -0.996292 0.054615 -0.0664723 -0.423453 -0.0577157 -0.997289 0.0456557 0.212159
-0.0635945 0.042709 0.997062 0.13814 -0.995939 0.0610899 -0.0661397 -0.450098 -0.0637351 -0.997218 0.0386506 0.231258
-0.0664237 0.0395358 0.997008 0.125662 -0.995323 0.0676225 -0.0689929 -0.456213 -0.0701478 -0.996927 0.0348592 0.275778
-0.0789424 0.0438125 0.995916 0.13074 -0.994309 0.0682282 -0.0818165 -0.406535 -0.0715342 -0.996707 0.0381771 0.232632
-0.0850314 0.0441985 0.995397 0.216551 -0.993706 0.0693513 -0.0879663 -0.404827 -0.0729201 -0.996613 0.0380233 0.27767
-0.0853019 0.0462864 0.995279 0.205872 -0.993078 0.0769986 -0.0886941 -0.431266 -0.0807405 -0.995956 0.0393979 0.272531
-0.0880108 0.0475486 0.994984 0.248459 -0.992212 0.0841976 -0.0917893 -0.405048 -0.0881397 -0.995314 0.039768 0.276581
-0.0844603 0.0464643 0.995343 0.215733 -0.991455 0.0957476 -0.0886001 -0.421679 -0.0994184 -0.994321 0.0379804 0.309971
-0.0836196 0.0480987 0.995336 0.225721 -0.990597 0.104529 -0.0882726 -0.397892 -0.108287 -0.993358 0.0389058 0.296823
-0.0840539 0.0488199 0.995265 0.239106 -0.99023 0.107432 -0.0888984 -0.383376 -0.111264 -0.993013 0.0393128 0.281328
-0.0861944 0.0483641 0.995104 0.200379 -0.990188 0.106117 -0.090926 -0.404747 -0.109995 -0.993177 0.0387429 0.266346
-0.096539 0.0462751 0.994253 0.178758 -0.990585 0.0929452 -0.100509 -0.383128 -0.0970621 -0.994595 0.0368666 0.294535
-0.111353 0.045669 0.992731 0.195563 -0.990582 0.0749811 -0.114562 -0.383244 -0.079668 -0.996139 0.0368895 0.264976
-0.118515 0.0406041 0.992122 0.170833 -0.99083 0.0604584 -0.120835 -0.344278 -0.0648885 -0.997345 0.0330665 0.292776
-0.123743 0.0366527 0.991637 0.176529 -0.990726 0.0519557 -0.12555 -0.370849 -0.056123 -0.997977 0.0298836 0.277457
-0.125596 0.0255813 0.991752 0.0601387 -0.990879 0.0459599 -0.126671 -0.325339 -0.0488212 -0.998616 0.0195756 0.2789
-0.126749 0.0222827 0.991685 0.0895569 -0.990845 0.0440123 -0.12763 -0.315526 -0.0464903 -0.998782 0.0165002 0.204278
-0.128319 0.00345354 0.991727 0.136507 -0.990862 0.0414594 -0.128351 -0.305297 -0.0415597 -0.999134 -0.00189803 0.222739
-0.122832 -0.0186234 0.992253 0.0918213 -0.991563 0.0440129 -0.121921 -0.307126 -0.0414013 -0.998857 -0.0238725 0.197667
-0.122368 -0.0371615 0.991789 0.107219 -0.991737 0.043361 -0.120737 -0.275352 -0.0385181 -0.998368 -0.0421605 0.190382
-0.116884 -0.0559851 0.991566 0.116579 -0.992507 0.0423761 -0.114602 -0.296883 -0.0356027 -0.997532 -0.0605187 0.194111
-0.119353 -0.0658003 0.990669 0.0949499 -0.992331 0.0402301 -0.116882 -0.266059 -0.0321638 -0.997021 -0.0700973 0.162301
-0.118894 -0.067882 0.990584 0.0809637 -0.992522 0.0358955 -0.116667 -0.251967 -0.0276379 -0.997047 -0.0716422 0.125911
-0.115308 -0.063865 0.991275 0.0659962 -0.992741 0.0417702 -0.112787 -0.246008 -0.0342026 -0.997084 -0.0682179 0.110651
-0.116422 -0.0518348 0.991846 0.113494 -0.992796 0.0345461 -0.114728 -0.239107 -0.0283175 -0.998058 -0.0554833 0.0926246
-0.115292 -0.0390431 0.992564 0.105918 -0.992836 0.036085 -0.113905 -0.236816 -0.0313695 -0.998586 -0.0429238 0.0806277
-0.118839 -0.0284518 0.992506 0.151588 -0.992317 0.0380487 -0.117725 -0.21008 -0.0344141 -0.998871 -0.0327549 0.0774322
-0.120025 -0.0209152 0.99255 0.133582 -0.992239 0.0352597 -0.119245 -0.197808 -0.032503 -0.999159 -0.0249849 0.0697706
-0.118163 -0.020326 0.992786 0.120541 -0.992444 0.0356922 -0.117392 -0.207619 -0.0330486 -0.999156 -0.0243899 0.05046
-0.117939 -0.01941 0.992831 0.126734 -0.992498 0.0347465 -0.11722 -0.20849 -0.0322222 -0.999208 -0.0233624 0.0431543
-0.119057 -0.0231875 0.992617 0.128256 -0.992418 0.0335282 -0.11825 -0.210522 -0.0305387 -0.999169 -0.0270035 0.0416839
-0.121649 -0.029039 0.992148 0.1414 -0.992044 0.0362062 -0.120577 -0.210234 -0.0324205 -0.998922 -0.0332124 0.0349675
-0.124643 -0.0281511 0.991802 0.149198 -0.991466 0.0420135 -0.123408 -0.21227 -0.038195 -0.99872 -0.0331475 0.0323363
-0.132467 -0.0293837 0.990752 0.149497 -0.990183 0.0489011 -0.13094 -0.213805 -0.0446014 -0.998371 -0.035573 0.0326215
-0.136936 -0.0275756 0.990196 0.147688 -0.989594 0.0483922 -0.135505 -0.212168 -0.0441811 -0.998448 -0.0339153 0.0317066
-0.140922 -0.0278172 0.98963 0.162106 -0.988701 0.0555577 -0.139228 -0.217425 -0.0511086 -0.998068 -0.0353322 0.0310255
-0.147533 -0.0278246 0.988666 0.159896 -0.98776 0.0553315 -0.14584 -0.22576 -0.0506464 -0.99808 -0.0356473 0.0275861
-0.149516 -0.0249818 0.988444 0.175639 -0.9872 0.0598963 -0.147814 -0.236614 -0.0555114 -0.997892 -0.0336174 0.0122631
-0.150377 -0.0226795 0.988369 0.198585 -0.986805 0.0641426 -0.148667 -0.244934 -0.0600248 -0.997683 -0.0320258 -0.00691472
-0.151196 -0.0238046 0.988217 0.208893 -0.986525 0.066857 -0.149327 -0.248749 -0.0625145 -0.997479 -0.0335924 -0.00758255
-0.15178 -0.0219699 0.98817 0.201584 -0.986319 0.0684351 -0.149974 -0.26136 -0.0643306 -0.997414 -0.0320564 -0.0134225
-0.153916 -0.026977 0.987716 0.207647 -0.985866 0.0711353 -0.151685 -0.26682 -0.0661694 -0.997102 -0.0375446 -0.0160945
-0.155745 -0.0318742 0.987283 0.219244 -0.985797 0.0685871 -0.153297 -0.272952 -0.0628287 -0.997136 -0.0421037 -0.0248397
-0.158099 -0.0376879 0.986704 0.22492 -0.985266 0.0720358 -0.155117 -0.275198 -0.0652319 -0.99669 -0.0485213 -0.0306341
-0.157636 -0.0437126 0.986529 0.225737 -0.985387 0.0722337 -0.154253 -0.276551 -0.0645179 -0.996429 -0.0544605 -0.032567
-0.156707 -0.0456366 0.98659 0.2329 -0.985419 0.0742627 -0.153086 -0.280115 -0.0662806 -0.996194 -0.0566086 -0.0392078
-0.151641 -0.0454624 0.98739 0.236819 -0.985778 0.0801633 -0.147702 -0.281984 -0.0724376 -0.995744 -0.0569718 -0.0444804
-0.151322 -0.0436342 0.987521 0.237311 -0.985974 0.0778194 -0.147646 -0.279976 -0.0704059 -0.996012 -0.054798 -0.0454448
-0.150539 -0.0386184 0.98785 0.238375 -0.986018 0.0780998 -0.147207 -0.280838 -0.071466 -0.996197 -0.0498355 -0.0474344
-0.149127 -0.0327248 0.988276 0.251312 -0.986154 0.0782329 -0.146216 -0.2759 -0.0725308 -0.996398 -0.0439384 -0.0571717
-0.150368 -0.0241326 0.988336 0.256725 -0.986156 0.074341 -0.148221 -0.27706 -0.0698969 -0.996941 -0.034977 -0.0639883
-0.150259 -0.0183595 0.988476 0.248549 -0.986155 0.0737303 -0.148537 -0.269231 -0.0701535 -0.997109 -0.029184 -0.0604543
-0.148447 -0.0143749 0.988816 0.257725 -0.986479 0.0723657 -0.147044 -0.270046 -0.0694426 -0.997275 -0.024923 -0.0687175
-0.150712 -0.0169908 0.988432 0.255504 -0.986595 0.0658829 -0.1493 -0.268099 -0.062584 -0.997683 -0.0266924 -0.0710624
-0.150824 -0.00987572 0.988511 0.255956 -0.986293 0.0691941 -0.149794 -0.267943 -0.0669198 -0.997554 -0.0201765 -0.0763644
-0.152405 -0.00362387 0.988312 0.256593 -0.986287 0.064629 -0.151856 -0.261521 -0.0633233 -0.997903 -0.013424 -0.0728063
-0.151973 -0.00589684 0.988367 0.258217 -0.98637 0.0647194 -0.15128 -0.261933 -0.0630744 -0.997886 -0.0156521 -0.0759475
-0.154105 -0.0078344 0.988023 0.261246 -0.986287 0.061004 -0.153351 -0.259727 -0.059072 -0.998107 -0.017128 -0.0737313
-0.153555 -0.00245654 0.988137 0.266936 -0.986145 0.063897 -0.153087 -0.262161 -0.0627629 -0.997953 -0.0122342 -0.076688
-0.152177 -0.000174499 0.988353 0.266794 -0.986304 0.0643946 -0.15185 -0.262095 -0.0636181 -0.997925 -0.00997146 -0.0792536
-0.152516 -0.00387882 0.988293 0.268655 -0.986468 0.0614679 -0.151993 -0.264308 -0.0601588 -0.998102 -0.0132012 -0.0772695
-0.150683 -0.00112983 0.988581 0.267322 -0.986574 0.0638769 -0.150304 -0.263867 -0.0629777 -0.997957 -0.0107398 -0.0800866
-0.151436 -0.00158928 0.988466 0.258558 -0.986326 0.066032 -0.151002 -0.260877 -0.0650304 -0.997816 -0.0115671 -0.0800489
-0.151805 -0.00369103 0.988404 0.264391 -0.986513 0.0625023 -0.151282 -0.264265 -0.0612191 -0.998038 -0.0131294 -0.0802156
-0.151525 -0.00446566 0.988443 0.265933 -0.986389 0.0652794 -0.150916 -0.264512 -0.063851 -0.997857 -0.0142964 -0.0778902
-0.151269 -0.00447803 0.988482 0.259623 -0.986519 0.0638358 -0.15068 -0.264616 -0.0624258 -0.99795 -0.014074 -0.0766004
-0.152702 -0.00175482 0.988271 0.259224 -0.985998 0.0680782 -0.15223 -0.262613 -0.0670125 -0.997678 -0.0121259 -0.0784335
-0.151055 -0.00264962 0.988522 0.25999 -0.986448 0.0651995 -0.150563 -0.266998 -0.0640522 -0.997869 -0.0124624 -0.0787293
-0.151363 -0.00302212 0.988474 0.257364 -0.986442 0.0646168 -0.150855 -0.265508 -0.0634161 -0.997906 -0.0127618 -0.0785765
-0.151374 -0.00244616 0.988473 0.260292 -0.98645 0.0643756 -0.150905 -0.264353 -0.0632645 -0.997923 -0.0121578 -0.0798259
-0.151548 -0.00231076 0.988447 0.257915 -0.986419 0.0644181 -0.151086 -0.26525 -0.0633248 -0.99792 -0.0120418 -0.0809648
-0.14805 -0.00244795 0.988977 0.260313 -0.986555 0.0703428 -0.147513 -0.266566 -0.0692063 -0.99752 -0.0128293 -0.0790391
-0.151218 -0.00307639 0.988496 0.260168 -0.986492 0.0641846 -0.150712 -0.266011 -0.0629825 -0.997933 -0.0127407 -0.0780136
-0.14965 -0.000505642 0.988739 0.258623 -0.986479 0.0676556 -0.149273 -0.26618 -0.0668183 -0.997709 -0.0106235 -0.0784611
-0.151058 -0.00252594 0.988522 0.261137 -0.986457 0.0650322 -0.150576 -0.267881 -0.0639054 -0.99788 -0.0123154 -0.0785054
-0.151123 -0.00292182 0.988511 0.261681 -0.986456 0.0649613 -0.150617 -0.265931 -0.0637749 -0.997884 -0.0126994 -0.0785235
-0.151049 -0.00285879 0.988522 0.262376 -0.986475 0.0648167 -0.150549 -0.266098 -0.0636423 -0.997893 -0.0126106 -0.0776093
-0.150333 -0.00421336 0.988626 0.258177 -0.986225 0.0704238 -0.149668 -0.266198 -0.0689922 -0.997508 -0.0147424 -0.0778928
-0.149172 -0.00579626 0.988794 0.260623 -0.986371 0.071086 -0.14839 -0.266374 -0.0694293 -0.997453 -0.0163213 -0.0766688
-0.149941 -0.00412387 0.988686 0.262183 -0.986465 0.0677404 -0.149322 -0.267838 -0.0663582 -0.997694 -0.0142252 -0.0788284
-0.150276 -0.00209768 0.988642 0.259799 -0.986486 0.0663599 -0.149807 -0.2658 -0.0652919 -0.997794 -0.0120416 -0.0789632
-0.148807 -0.00473699 0.988855 0.261126 -0.986355 0.0719351 -0.148086 -0.265925 -0.0704319 -0.997398 -0.0153768 -0.0780804
-0.15002 -0.00416142 0.988674 0.263327 -0.986447 0.0678486 -0.149397 -0.265626 -0.0664584 -0.997687 -0.0142837 -0.0786741
-0.149232 -0.00392547 0.988794 0.262213 -0.986165 0.0735768 -0.148543 -0.265957 -0.0721692 -0.997282 -0.0148511 -0.0785586
-0.147183 -0.00228938 0.989107 0.26128 -0.986608 0.0714104 -0.146646 -0.268146 -0.0702968 -0.997444 -0.0127691 -0.080226
-0.150106 -0.0066315 0.988648 0.265536 -0.986362 0.0692965 -0.149294 -0.265531 -0.0675198 -0.997574 -0.0169428 -0.0777583
-0.149734 -0.00582344 0.988709 0.263097 -0.986361 0.0700014 -0.148967 -0.264795 -0.0683435 -0.99753 -0.0162256 -0.077253
-0.145876 -0.00697873 0.989278 0.259075 -0.987042 0.0685969 -0.145062 -0.269088 -0.0668491 -0.99762 -0.0168949 -0.0765225
-0.152008 -0.00194267 0.988377 0.258601 -0.986527 0.0614916 -0.151603 -0.266206 -0.0604823 -0.998106 -0.0112637 -0.0811114
-0.149254 0.000639853 0.988799 0.257721 -0.986473 0.068451 -0.148948 -0.267196 -0.0677796 -0.997654 -0.00958541 -0.0802522
-0.150488 0.000906507 0.988611 0.258324 -0.986533 0.0646817 -0.150231 -0.266594 -0.0640813 -0.997906 -0.00883952 -0.0799855
-0.149853 -0.00201482 0.988706 0.261087 -0.986462 0.0676742 -0.149375 -0.266417 -0.066609 -0.997705 -0.0121287 -0.0806603
-0.149917 -0.00245169 0.988695 0.260133 -0.986455 0.067694 -0.14941 -0.26607 -0.0665625 -0.997703 -0.012567 -0.077872
-0.146394 -0.00281701 0.989222 0.262099 -0.986723 0.0715104 -0.145821 -0.268158 -0.0703289 -0.997436 -0.0132483 -0.0799114
-0.150004 -0.00257218 0.988682 0.260126 -0.986461 0.0674378 -0.149491 -0.266247 -0.06629 -0.99772 -0.0126533 -0.0779891
-0.150216 -0.0027126 0.988649 0.261474 -0.986445 0.0672062 -0.149697 -0.266507 -0.0660373 -0.997735 -0.0127713 -0.0791661
-0.149961 -0.00237473 0.988689 0.260368 -0.986468 0.0673879 -0.149463 -0.264941 -0.0662707 -0.997724 -0.0124482 -0.0790897
-0.148936 -0.00354104 0.98884 0.26331 -0.986465 0.0698956 -0.148328 -0.265413 -0.0685903 -0.997548 -0.0139031 -0.0799949
-0.149805 -0.00231041 0.988713 0.265298 -0.986426 0.0683585 -0.149299 -0.263669 -0.0672419 -0.997658 -0.0125195 -0.0811559
-0.151799 -0.00215604 0.988409 0.261824 -0.986334 0.0651282 -0.151338 -0.263607 -0.064047 -0.997875 -0.012013 -0.0770728
-0.149285 -0.00137994 0.988793 0.263575 -0.986411 0.0696017 -0.148828 -0.26547 -0.0686163 -0.997574 -0.0117516 -0.0793187
-0.149582 -0.00190286 0.988748 0.260237 -0.98646 0.0683 -0.149104 -0.266396 -0.0672477 -0.997663 -0.0120935 -0.0788617
-0.148331 -0.000570274 0.988938 0.258072 -0.986397 0.0717178 -0.147909 -0.26702 -0.07084 -0.997425 -0.0112005 -0.0806188
-0.149879 -0.00248748 0.988701 0.258742 -0.986476 0.0674694 -0.149372 -0.267217 -0.0663355 -0.997718 -0.0125661 -0.0795554
-0.153523 -0.00550788 0.98813 0.263365 -0.986435 0.0596581 -0.152928 -0.26268 -0.0581076 -0.998204 -0.0145921 -0.0781121
-0.150337 -0.00283889 0.988631 0.262745 -0.986441 0.067012 -0.149811 -0.265425 -0.0658248 -0.997748 -0.0128747 -0.0778774
-0.1489 -0.00236369 0.988849 0.258138 -0.986522 0.0689685 -0.148384 -0.267379 -0.0678487 -0.997616 -0.0126012 -0.0799352
-0.148308 0.0010235 0.988941 0.26435 -0.986306 0.072801 -0.147988 -0.265485 -0.0721474 -0.997346 -0.00978746 -0.0824778
-0.150568 -0.00255874 0.988596 0.262598 -0.986432 0.0665751 -0.150066 -0.264791 -0.0654319 -0.997778 -0.0125481 -0.0793496
-0.151611 -0.00566177 0.988424 0.264917 -0.986324 0.0662664 -0.150909 -0.263689 -0.0646449 -0.997786 -0.0156311 -0.077359
-0.148951 -0.00114541 0.988844 0.261674 -0.986294 0.071949 -0.148483 -0.267278 -0.0709763 -0.997408 -0.0118466 -0.08215
-0.148753 -0.00138511 0.988873 0.262414 -0.986376 0.0712406 -0.148278 -0.267228 -0.0702426 -0.997458 -0.0119635 -0.0842798
-0.148324 0.000175814 0.988939 0.260955 -0.986333 0.0725211 -0.147946 -0.26692 -0.071745 -0.997367 -0.0105832 -0.0840127
-0.150319 -0.00192805 0.988636 0.264994 -0.986349 0.068292 -0.149838 -0.264319 -0.067227 -0.997664 -0.0121673 -0.0806498
-0.148462 -0.00415943 0.988909 0.26194 -0.986484 0.0707457 -0.1478 -0.2646 -0.0693463 -0.997486 -0.0146063 -0.0790258
-0.151238 -0.00179373 0.988496 0.258473 -0.986401 0.0653658 -0.150799 -0.265978 -0.0643434 -0.99786 -0.0116551 -0.0825518
-0.145858 0.000789708 0.989305 0.258152 -0.986831 0.0705642 -0.14555 -0.268644 -0.0699245 -0.997507 -0.00951305 -0.084128
-0.151789 -0.00407844 0.988405 0.258233 -0.986313 0.065777 -0.151196 -0.266135 -0.0643977 -0.997826 -0.0140068 -0.0814921
