0.0041403 0.0257155 0.999661 -0.0080546 -0.0148655 -0.999557 0.0257744 -0.0652229 0.999881 -0.0149672 -0.00375619 0.0207064
0.00412091 0.0256958 0.999661 -0.00735909 -0.0147954 -0.999559 0.0257542 -0.065395 0.999882 -0.0148965 -0.00373892 0.0204013
0.00413064 0.0256765 0.999662 -0.00739986 -0.0147805 -0.99956 0.0257349 -0.0654007 0.999882 -0.0148818 -0.00374931 0.0204774
0.00399547 0.0257384 0.999661 -0.00724107 -0.0147297 -0.999559 0.0257947 -0.0653543 0.999884 -0.0148277 -0.00361459 0.0203764
0.00424884 0.0257429 0.99966 -0.007316 -0.0148571 -0.999557 0.0258034 -0.0654091 0.999881 -0.0149616 -0.00386449 0.0204735
0.0040617 0.0257285 0.999661 -0.00708185 -0.0147453 -0.999559 0.0257858 -0.0653324 0.999883 -0.014845 -0.00368053 0.0202314
0.00401785 0.0256851 0.999662 -0.00770277 -0.0147951 -0.999559 0.0257419 -0.0652554 0.999882 -0.0148936 -0.00363607 0.0204998
0.0041481 0.0256152 0.999663 -0.00738493 -0.0145954 -0.999564 0.0256732 -0.0653222 0.999885 -0.014697 -0.00377243 0.0204101
0.00388919 0.0256621 0.999663 -0.00682627 -0.0146525 -0.999562 0.0257165 -0.0656063 0.999885 -0.0147476 -0.00351148 0.020095
0.0041389 0.0256602 0.999662 -0.0079095 -0.0147216 -0.999561 0.0257186 -0.0652627 0.999883 -0.0148231 -0.00375932 0.0205536
0.00396943 0.0257149 0.999661 -0.00710821 -0.0147377 -0.999559 0.0257708 -0.0654528 0.999884 -0.014835 -0.00358871 0.0202999
0.00406276 0.0257197 0.999661 -0.00742855 -0.0147786 -0.999558 0.0257772 -0.065293 0.999883 -0.0148783 -0.00368087 0.020215
0.00399202 0.0257242 0.999661 -0.00663448 -0.0148284 -0.999558 0.0257807 -0.0655962 0.999882 -0.0149263 -0.00360881 0.0201048
0.00404334 0.0257123 0.999661 -0.00717132 -0.014875 -0.999557 0.0257698 -0.065308 0.999881 -0.0149741 -0.00365908 0.0201933
0.00399036 0.0256845 0.999662 -0.00758914 -0.0148058 -0.999559 0.025741 -0.0652229 0.999882 -0.0149036 -0.00360832 0.0204708
0.00415419 0.0256301 0.999663 -0.0074276 -0.0144909 -0.999565 0.0256878 -0.0652919 0.999886 -0.0145927 -0.00378098 0.020411
0.00413829 0.025751 0.99966 -0.00748216 -0.0148123 -0.999557 0.0258097 -0.065548 0.999882 -0.014914 -0.00375503 0.0210798
0.00430057 0.0255196 0.999665 -0.00759592 -0.0143662 -0.99957 0.025579 -0.065348 0.999888 -0.0144714 -0.0039321 0.0208678
0.00399782 0.0256597 0.999663 -0.00706784 -0.0147622 -0.99956 0.0257161 -0.0653959 0.999883 -0.0148601 -0.00361727 0.0202654
0.00411711 0.0256614 0.999662 -0.0073928 -0.0146808 -0.999561 0.0257192 -0.0652762 0.999884 -0.0147818 -0.00373858 0.0202198
0.00392156 0.0256691 0.999663 -0.00712348 -0.014654 -0.999562 0.025724 -0.065385 0.999885 -0.01475 -0.00354369 0.0202795
0.00405674 0.0256785 0.999662 -0.00672086 -0.0147393 -0.99956 0.0257357 -0.0655511 0.999883 -0.0148387 -0.00367647 0.0202219
0.0039816 0.0257097 0.999662 -0.00709528 -0.014732 -0.999559 0.0257658 -0.0654537 0.999884 -0.0148296 -0.00360109 0.0202735
0.00413897 0.0257014 0.999661 -0.00786031 -0.0147503 -0.999559 0.0257599 -0.0651979 0.999883 -0.0148519 -0.00375804 0.0205537
0.00399955 0.0256953 0.999662 -0.00718303 -0.0147978 -0.999559 0.0257519 -0.0654495 0.999883 -0.0148958 -0.00361755 0.0202919
0.00405817 0.025711 0.999661 -0.00693487 -0.0148274 -0.999558 0.0257686 -0.0654924 0.999882 -0.014927 -0.00367515 0.0203029
0.00399593 0.0256805 0.999662 -0.00765617 -0.0147192 -0.99956 0.0257367 -0.0652368 0.999884 -0.0148171 -0.00361618 0.0204613
0.00410321 0.0256303 0.999663 -0.00696018 -0.0146274 -0.999563 0.0256878 -0.065483 0.999885 -0.0147279 -0.00372651 0.0202672
0.00400825 0.0256864 0.999662 -0.00749825 -0.0147606 -0.99956 0.0257429 -0.0652731 0.999883 -0.0148588 -0.00362734 0.020463
0.00407028 0.0257251 0.999661 -0.00743538 -0.0147853 -0.999558 0.0257827 -0.0652976 0.999882 -0.0148852 -0.00368812 0.020189
0.00393708 0.0256676 0.999663 -0.00675474 -0.0147357 -0.99956 0.025723 -0.0655595 0.999884 -0.014832 -0.00355712 0.0201275
0.00408944 0.0256694 0.999662 -0.00694841 -0.0147092 -0.999561 0.025727 -0.0654502 0.999883 -0.0148095 -0.00371007 0.0203063
0.00396189 0.0256722 0.999663 -0.00716006 -0.0147539 -0.99956 0.0257281 -0.0654129 0.999883 -0.0148508 -0.00358138 0.020307
0.0040778 0.025699 0.999661 -0.00744216 -0.0147895 -0.999559 0.0257566 -0.0653018 0.999882 -0.0148895 -0.00369592 0.0201858
0.00395017 0.0257135 0.999662 -0.00670443 -0.0147588 -0.999559 0.0257691 -0.0655841 0.999883 -0.0148556 -0.00356892 0.0201471
0.00413085 0.0256937 0.999661 -0.00814181 -0.0147051 -0.99956 0.0257519 -0.0651928 0.999883 -0.0148065 -0.0037512 0.0206331
0.00394976 0.0256206 0.999664 -0.00709037 -0.0146274 -0.999563 0.0256758 -0.0653569 0.999885 -0.0147239 -0.00357327 0.0202442
0.00403694 0.0258043 0.999659 -0.00750666 -0.0149698 -0.999553 0.025862 -0.0653664 0.99988 -0.0150691 -0.00364885 0.0202068
0.00396636 0.0256657 0.999663 -0.00685237 -0.0147545 -0.99956 0.0257217 -0.065661 0.999883 -0.0148516 -0.00358592 0.0201574
0.00407045 0.0257111 0.999661 -0.00741315 -0.0148111 -0.999558 0.0257687 -0.0652983 0.999882 -0.014911 -0.00368785 0.0202064
0.00398926 0.0255993 0.999664 -0.00779592 -0.0146591 -0.999563 0.0256552 -0.0651334 0.999885 -0.0147565 -0.00361226 0.0205402
0.00415611 0.0256876 0.999661 -0.00822975 -0.0146662 -0.999561 0.025746 -0.0651454 0.999884 -0.0147683 -0.00377754 0.020653
0.00391661 0.0256576 0.999663 -0.00679576 -0.0146587 -0.999562 0.0257124 -0.0655272 0.999885 -0.0147544 -0.00353878 0.0201404
0.00430125 0.0255457 0.999664 -0.00740325 -0.0144399 -0.999568 0.0256054 -0.0652657 0.999886 -0.0145452 -0.00393051 0.0208598
0.0039775 0.0256762 0.999662 -0.00746131 -0.0147894 -0.999559 0.0257324 -0.0652668 0.999883 -0.0148868 -0.00359601 0.0204376
0.00415282 0.0256691 0.999662 -0.007701 -0.0145927 -0.999562 0.0257272 -0.0652128 0.999885 -0.0146946 -0.00377642 0.0205267
0.00396906 0.0256805 0.999662 -0.00729754 -0.0147432 -0.99956 0.0257364 -0.0653444 0.999883 -0.0148404 -0.0035887 0.0203448
0.00432747 0.0255152 0.999665 -0.00748173 -0.0143734 -0.99957 0.025575 -0.0652976 0.999887 -0.0144792 -0.00395887 0.0208801
0.00394632 0.0256585 0.999663 -0.00671767 -0.0147571 -0.99956 0.0257142 -0.0655128 0.999883 -0.0148537 -0.00356594 0.0201426
0.00407642 0.0257382 0.99966 -0.00765556 -0.0148061 -0.999558 0.0257959 -0.0653298 0.999882 -0.0149062 -0.00369353 0.0201965
0.00395757 0.0256919 0.999662 -0.00707544 -0.014754 -0.99956 0.0257477 -0.0653854 0.999883 -0.014851 -0.00357677 0.0202654
0.00426664 0.0256164 0.999663 -0.00729061 -0.014487 -0.999565 0.0256757 -0.0652653 0.999886 -0.0145917 -0.00389368 0.0208572
0.00398632 0.0256686 0.999663 -0.00762884 -0.0147116 -0.999561 0.0257247 -0.0652949 0.999884 -0.0148092 -0.00360694 0.020454
0.00411972 0.0260512 0.999652 -0.00717807 -0.0157393 -0.999535 0.0261131 -0.0653826 0.999868 -0.0158414 -0.00370777 0.0201667
0.00397551 0.025611 0.999664 -0.00744916 -0.0146269 -0.999564 0.0256666 -0.0652572 0.999885 -0.014724 -0.00359917 0.0204231
0.00410515 0.0257459 0.99966 -0.00725441 -0.0147487 -0.999558 0.0258038 -0.0652791 0.999883 -0.0148496 -0.00372362 0.0204231
0.0038861 0.025664 0.999663 -0.00737592 -0.01466 -0.999562 0.0257184 -0.065282 0.999885 -0.014755 -0.00350816 0.0204008
0.00413252 0.0257162 0.999661 -0.00748833 -0.014534 -0.999562 0.0257738 -0.0653606 0.999886 -0.0146356 -0.00375695 0.0207415
0.00393454 0.0258849 0.999657 -0.00716658 -0.0146932 -0.999556 0.0259401 -0.0655899 0.999884 -0.0147902 -0.00355246 0.0202575
0.0040154 0.0257909 0.999659 -0.00803575 -0.0144403 -0.999562 0.0258464 -0.0652648 0.999888 -0.0145392 -0.00364122 0.0205451
0.00382944 0.0258515 0.999658 -0.00702802 -0.0145817 -0.999558 0.0259047 -0.0656008 0.999886 -0.0146759 -0.00345079 0.0201552
0.00406918 0.0256556 0.999663 -0.00813357 -0.0146776 -0.999562 0.0257128 -0.0652126 0.999884 -0.0147773 -0.00369083 0.0206128
0.00379675 0.0256717 0.999663 -0.00725703 -0.0148563 -0.999559 0.0257254 -0.0653719 0.999882 -0.0149489 -0.00341369 0.0202954
0.00391664 0.0256547 0.999663 -0.00748842 -0.0143641 -0.999566 0.0257085 -0.0655966 0.999889 -0.01446 -0.00354644 0.0202506
0.00378362 0.0256863 0.999663 -0.00770267 -0.0141151 -0.999569 0.0257373 -0.0656601 0.999893 -0.0142077 -0.00341943 0.020393
0.00422357 0.0255973 0.999663 -0.00747156 -0.0134212 -0.999581 0.0256519 -0.0657133 0.999901 -0.013525 -0.00387826 0.0207538
0.00371907 0.025893 0.999658 -0.00674851 -0.0144362 -0.999559 0.0259442 -0.0656487 0.999889 -0.0145278 -0.00334363 0.0200679
0.00411842 0.0257934 0.999659 -0.0073676 -0.0144369 -0.999562 0.0258504 -0.065408 0.999887 -0.0145384 -0.00374424 0.0207853
0.00389699 0.0259881 0.999655 -0.00667239 -0.0147552 -0.999552 0.0260429 -0.0656228 0.999884 -0.0148516 -0.00351178 0.0201494
0.00429702 0.0255138 0.999665 -0.0070744 -0.0156229 -0.999551 0.0255781 -0.0650711 0.999869 -0.0157275 -0.00389649 0.0210193
0.00341502 0.0268118 0.999635 -0.00586348 -0.0204732 -0.999429 0.0268762 -0.0653975 0.999785 -0.0205575 -0.00286414 0.020009
0.00387891 0.0258345 0.999659 -0.007276 -0.0160681 -0.999536 0.0258936 -0.065426 0.999863 -0.016163 -0.003462 0.0205064
0.00395497 0.0259014 0.999657 -0.00727103 -0.0153073 -0.999546 0.0259591 -0.0653921 0.999875 -0.0154047 -0.00355669 0.0203714
0.00341703 0.02653 0.999642 -0.00695963 -0.0173101 -0.999497 0.0265853 -0.0655531 0.999844 -0.0173948 -0.00295607 0.0201143
0.00420433 0.026099 0.999651 -0.00682011 -0.0160101 -0.999529 0.0261632 -0.0657463 0.999863 -0.0161145 -0.0037845 0.0204709
0.00396556 0.026184 0.999649 -0.00737771 -0.0149784 -0.999543 0.0262407 -0.0653854 0.99988 -0.0150772 -0.00357155 0.0212359
0.0038353 0.02652 0.999641 -0.00797279 -0.0156511 -0.999524 0.0265769 -0.0658523 0.99987 -0.0157474 -0.00341841 0.0209521
0.00379714 0.0276611 0.99961 -0.00776304 -0.016675 -0.999477 0.0277207 -0.0650849 0.999854 -0.0167738 -0.0033339 0.0208493
0.00235526 0.0299771 0.999548 -0.00775383 -0.0140202 -0.999451 0.0300072 -0.0648744 0.999899 -0.0140846 -0.00193369 0.0211433
0.00537959 0.0338769 0.999412 -0.00726301 -0.0146351 -0.999316 0.0339524 -0.0644976 0.999878 -0.0148092 -0.00488012 0.0219068
0.00932848 0.0325235 0.999427 -0.00629465 -0.00976124 -0.99942 0.0326144 -0.0632727 0.999909 -0.0100599 -0.0090056 0.0235264
0.0148865 0.0351608 0.999271 -0.00783469 -0.00987409 -0.999328 0.0353099 -0.0615845 0.99984 -0.0103925 -0.0145293 0.02834
0.014479 0.0398101 0.999102 -0.0128124 -0.0124429 -0.999123 0.0399912 -0.0611624 0.999818 -0.0130107 -0.0139709 0.0388864
0.00785643 0.0442712 0.998989 -0.0170981 -0.0143507 -0.998912 0.0443807 -0.0602788 0.999866 -0.0146848 -0.00721255 0.0485811
-0.00123115 0.050741 0.998711 -0.0203054 -0.0166642 -0.998574 0.0507135 -0.0602278 0.99986 -0.0165803 0.00207495 0.0582879
-0.0133165 0.0571965 0.998274 -0.0249882 -0.0193426 -0.998191 0.0569337 -0.0586821 0.999724 -0.018551 0.0143988 0.0692307
-0.0203997 0.0619522 0.997871 -0.00198119 -0.0208396 -0.997888 0.0615273 -0.0405259 0.999575 -0.0195401 0.0216477 0.0887446
-0.0205628 0.0714448 0.997233 -0.010247 -0.0231441 -0.99721 0.070966 -0.0614625 0.999521 -0.0216208 0.022159 0.110514
-0.0163535 0.0821634 0.996485 -0.00862206 -0.0285239 -0.996251 0.081676 -0.0756558 0.999459 -0.027088 0.0186358 0.128822
-0.00807424 0.0884626 0.996047 -0.0112763 -0.0341567 -0.995522 0.0881391 -0.0735771 0.999384 -0.0333101 0.0110597 0.151153
-0.000560579 0.0980851 0.995178 -0.0312943 -0.0428637 -0.994266 0.097971 -0.0756508 0.999081 -0.042602 0.00476165 0.191585
-0.00123125 0.104151 0.994561 -0.0398448 -0.0457103 -0.993528 0.103986 -0.0727923 0.998954 -0.0453336 0.00598405 0.211765
-0.0108569 0.11097 0.993764 -0.0334458 -0.0435551 -0.992932 0.110401 -0.0806489 0.998992 -0.0420849 0.0156135 0.217195
-0.0220595 0.11499 0.993122 -0.0372062 -0.0376359 -0.992755 0.114112 -0.0594076 0.999048 -0.0348598 0.0262274 0.227856
-0.0319629 0.124094 0.991755 -0.0607321 -0.0356393 -0.991773 0.122948 -0.077414 0.998853 -0.0314157 0.0361226 0.254001
-0.0416254 0.134745 0.990006 -0.061695 -0.041461 -0.990244 0.133034 -0.0777781 0.998273 -0.035509 0.046806 0.27432
-0.0453116 0.145749 0.988283 -0.0636874 -0.0543693 -0.988193 0.143243 -0.0849792 0.997492 -0.0472417 0.0527009 0.323926
-0.0519292 0.15008 0.987309 -0.0817426 -0.0650759 -0.98705 0.146618 -0.0651772 0.996528 -0.0566363 0.0610233 0.360765
-0.0609938 0.155926 0.985884 -0.0779044 -0.0723185 -0.985817 0.151442 -0.0975525 0.995515 -0.0620606 0.0714051 0.361793
-0.0663415 0.156021 0.985523 -0.091278 -0.0765962 -0.985581 0.150874 -0.0876337 0.994853 -0.0654781 0.0773355 0.383117
-0.0705305 0.153928 0.985562 -0.10003 -0.0772001 -0.985901 0.148457 -0.0743014 0.994518 -0.0656147 0.0814194 0.386019
-0.0725106 0.155861 0.985114 -0.103132 -0.0768154 -0.985653 0.150293 -0.0919087 0.994405 -0.0647741 0.0834429 0.396549
-0.0731603 0.153382 0.985455 -0.095752 -0.075963 -0.986089 0.147842 -0.0824337 0.994423 -0.064042 0.083794 0.413653
-0.0799118 0.149546 0.98552 -0.099717 -0.0730936 -0.9869 0.143829 -0.101628 0.994118 -0.0605416 0.0897958 0.394181
-0.0846238 0.137456 0.986886 -0.113318 -0.0660875 -0.989033 0.132088 -0.0845528 0.994219 -0.054043 0.0927798 0.399341
-0.0880796 0.132481 0.987264 -0.0945887 -0.0630704 -0.989869 0.127204 -0.0936519 0.994115 -0.0510631 0.0955429 0.390965
-0.0887116 0.13123 0.987375 -0.080989 -0.0623704 -0.99007 0.125985 -0.108881 0.994103 -0.0504067 0.0960156 0.370267
-0.0852757 0.12863 0.988019 -0.0682379 -0.0585078 -0.990567 0.123912 -0.102301 0.994638 -0.0472402 0.0919971 0.360584
-0.078859 0.127419 0.988709 -0.0630194 -0.0525551 -0.99095 0.123516 -0.126107 0.995499 -0.0422213 0.0848418 0.32494
-0.0639219 0.121258 0.990561 -0.0567157 -0.0434339 -0.991988 0.11863 -0.101005 0.997009 -0.0354409 0.0686765 0.309926
-0.0464559 0.120946 0.991571 -0.0515393 -0.0367859 -0.992177 0.119297 -0.1389 0.998243 -0.0309338 0.0505416 0.288256
-0.0300647 0.112847 0.993157 -0.0384561 -0.0286384 -0.993296 0.111995 -0.108323 0.999138 -0.0250753 0.0330949 0.25624
-0.0165881 0.110344 0.993755 -0.0396713 -0.0206473 -0.993718 0.109996 -0.130411 0.999649 -0.0186937 0.0187622 0.229985
-0.00582848 0.107444 0.994194 -0.0372419 -0.0150536 -0.994108 0.107346 -0.113082 0.99987 -0.0143405 0.00741155 0.221683
0.00247512 0.107382 0.994215 -0.0304843 -0.0107851 -0.994157 0.107403 -0.123316 0.999939 -0.0109886 -0.00130252 0.211218
0.0036224 0.109504 0.99398 -0.020655 -0.00763223 -0.993954 0.109529 -0.149631 0.999964 -0.00798304 -0.00276474 0.176806
0.00391433 0.105309 0.994432 -0.0278456 -0.000861457 -0.994439 0.105313 -0.13405 0.999992 -0.00126889 -0.00380184 0.174114
0.000762498 0.100363 0.994951 -0.0113745 0.00748351 -0.994924 0.100354 -0.13694 0.999972 0.00736921 -0.00150969 0.139988
-0.000375557 0.0946383 0.995512 -0.00703659 0.018046 -0.995349 0.0946297 -0.112698 0.999837 0.0180005 -0.00133403 0.10917
0.0037372 0.0922764 0.995726 -0.0132453 0.0315113 -0.99525 0.0921139 -0.118959 0.999496 0.0310324 -0.00662719 0.100635
0.0102542 0.0931631 0.995598 -0.0122246 0.0395186 -0.99491 0.0926917 -0.117755 0.999166 0.0383942 -0.0138837 0.0947625
0.0194085 0.0942776 0.995357 -0.0166785 0.0487174 -0.994451 0.0932418 -0.117142 0.998624 0.0466815 -0.0238937 0.100014
0.0274925 0.099669 0.994641 -0.0149326 0.0488171 -0.993964 0.0982518 -0.119737 0.998429 0.0458543 -0.0321921 0.10934
0.0313157 0.105774 0.993897 -0.0131583 0.0468845 -0.993446 0.104248 -0.124306 0.998409 0.0433338 -0.0360696 0.12186
0.0326618 0.110802 0.993306 -0.0321817 0.0457759 -0.992959 0.109258 -0.12914 0.998418 0.0419009 -0.0375039 0.161009
0.0214494 0.119202 0.992638 -0.023845 0.0357954 -0.992322 0.118391 -0.139381 0.999129 0.0329925 -0.0255516 0.109179
0.0143752 0.124878 0.992068 -0.0254152 0.0280184 -0.991831 0.124442 -0.140461 0.999504 0.0260073 -0.0177566 0.13096
0.00638581 0.128949 0.991631 -0.0437805 0.0208781 -0.991452 0.128792 -0.12814 0.999762 0.0198809 -0.00902344 0.171733
-0.00624822 0.133727 0.990998 -0.0478349 0.0158498 -0.99088 0.133811 -0.140489 0.999855 0.0165432 0.00407169 0.204507
-0.0193762 0.133367 0.990877 -0.0675886 0.0121129 -0.990959 0.133614 -0.100649 0.999739 0.0145914 0.0175856 0.252885
-0.0345031 0.132954 0.990522 -0.0751905 0.00958074 -0.991022 0.133354 -0.101571 0.999359 0.0140911 0.0329196 0.283455
-0.0482915 0.129837 0.990359 -0.0841888 0.00354044 -0.991487 0.130157 -0.105437 0.998827 0.00979179 0.0474208 0.302681
-0.0640486 0.120076 0.990697 -0.0827652 0.00189949 -0.992718 0.120444 -0.107542 0.997945 0.00959606 0.0633541 0.281318
-0.0711094 0.107622 0.991646 -0.0934514 0.00548205 -0.994105 0.108282 -0.110579 0.997453 0.0131362 0.0701002 0.309404
-0.0787786 0.0916159 0.992673 -0.0915814 0.0088453 -0.995665 0.092594 -0.105544 0.996853 0.0160749 0.0776267 0.32546
-0.0816844 0.0807104 0.993385 -0.0980408 0.0106451 -0.996588 0.081846 -0.102814 0.996601 0.0172602 0.0805465 0.33978
-0.0840287 0.0832324 0.992981 -0.100652 0.0080532 -0.996416 0.0842018 -0.111343 0.996431 0.015072 0.0830573 0.343858
-0.0852288 0.0869347 0.992562 -0.103071 0.00671457 -0.996114 0.0878224 -0.105136 0.996339 0.0141496 0.0843139 0.361079
-0.0872847 0.0950094 0.991642 -0.112208 0.0046515 -0.995392 0.0957781 -0.0998868 0.996173 0.0129726 0.0864406 0.378088
-0.0914349 0.0990937 0.990868 -0.0987544 0.00574618 -0.994967 0.100034 -0.115055 0.995794 0.0148403 0.0904053 0.360673
-0.0959865 0.0934625 0.990985 -0.100812 0.0129336 -0.995381 0.0951299 -0.0917862 0.995299 0.0219482 0.0943344 0.360623
-0.100451 0.0942817 0.990465 -0.0912788 0.0173984 -0.995181 0.0964951 -0.102618 0.99479 0.0269255 0.0983261 0.340432
-0.100453 0.0956611 0.990332 -0.0796715 0.022026 -0.994909 0.0983374 -0.102786 0.994698 0.0316914 0.0978347 0.336224
-0.0989692 0.0976985 0.990283 -0.0756768 0.0264027 -0.99456 0.100759 -0.108316 0.99474 0.0361182 0.0958513 0.307175
-0.0914327 0.100733 0.990703 -0.0575238 0.0303338 -0.994127 0.10388 -0.099875 0.995349 0.0395498 0.0878402 0.289977
-0.0781268 0.103848 0.99152 -0.0474768 0.0345492 -0.99368 0.106797 -0.0919121 0.996345 0.0425999 0.0740452 0.267446
-0.0600241 0.111644 0.991934 -0.0439438 0.0353536 -0.992864 0.113888 -0.105313 0.997571 0.0419045 0.0556488 0.239674
-0.0330996 0.11715 0.992563 -0.0386022 0.0373105 -0.99227 0.118359 -0.0797284 0.998755 0.0409506 0.0284728 0.262837
-0.0159196 0.130872 0.991272 -0.0229047 0.0330513 -0.990786 0.131338 -0.123271 0.999327 0.0348537 0.0114474 0.193952
0.00561685 0.137064 0.990546 -0.00696413 0.0303707 -0.990128 0.136834 -0.116817 0.999523 0.029315 -0.00972413 0.187292
0.0204962 0.140904 0.989811 -0.013303 0.0274687 -0.989725 0.140323 -0.117883 0.999413 0.0243127 -0.024156 0.16787
0.0271862 0.141225 0.989604 0.00893642 0.0237605 -0.989782 0.140598 -0.118148 0.999348 0.0196912 -0.030264 0.142003
0.0340612 0.138259 0.98981 0.0124275 0.0215937 -0.990255 0.137578 -0.111605 0.999186 0.0166876 -0.0367148 0.147674
0.033898 0.1335 0.990469 0.00574859 0.0220975 -0.990896 0.132801 -0.120106 0.999181 0.0173852 -0.0365395 0.141584
0.028649 0.128496 0.991296 0.0132967 0.0164877 -0.991629 0.128063 -0.128026 0.999454 0.0126753 -0.0305278 0.127373
0.0203439 0.119064 0.992678 0.0227331 0.0150608 -0.992808 0.11877 -0.114402 0.99968 0.0125343 -0.0219908 0.0947781
0.0126247 0.110405 0.993807 0.0179893 0.0153768 -0.99379 0.110207 -0.120856 0.999802 0.0138902 -0.014244 0.0908537
0.00796397 0.101121 0.994842 0.0166941 0.0192511 -0.994705 0.100953 -0.125783 0.999783 0.0183478 -0.0098685 0.0833101
0.0075071 0.0943571 0.99551 0.0228188 0.0227657 -0.995296 0.0941652 -0.122737 0.999713 0.0219566 -0.0096199 0.081601
0.00951165 0.0904197 0.995858 0.0155079 0.0257879 -0.995594 0.0901494 -0.132583 0.999622 0.0248237 -0.0118015 0.0831737
0.01884 0.0821696 0.99644 0.00606516 0.0244685 -0.996357 0.0817001 -0.108368 0.999523 0.0228422 -0.0207819 0.12787
0.0228707 0.0756348 0.996873 0.0135022 0.0190997 -0.996985 0.0752051 -0.122003 0.999556 0.01732 -0.0242464 0.129403
0.0255985 0.0690741 0.997283 0.00983138 0.0119503 -0.99756 0.0687865 -0.139834 0.999601 0.010157 -0.0263615 0.125917
0.0247819 0.0624239 0.997742 -0.00102504 0.00306006 -0.998049 0.0623671 -0.160797 0.999688 0.00150758 -0.0249245 0.112035
0.0206273 0.052448 0.998411 0.00147898 -0.00151594 -0.99862 0.0524903 -0.159437 0.999786 -0.00259626 -0.0205194 0.114598
0.0148761 0.0456881 0.998845 -0.00421385 -0.00652157 -0.99893 0.0457891 -0.184792 0.999868 -0.0071952 -0.0145622 0.140734
0.00671038 0.039099 0.999213 -0.0110405 -0.0125299 -0.999154 0.0391808 -0.214579 0.999899 -0.012783 -0.0062148 0.144032
-0.000269351 0.0310758 0.999517 -0.0218224 -0.0191634 -0.999334 0.0310649 -0.231474 0.999816 -0.0191458 0.00086469 0.164524
-0.011652 0.0224045 0.999681 -0.026099 -0.0311103 -0.999273 0.0220327 -0.227552 0.999448 -0.0308437 0.0123405 0.145174
-0.0217344 0.0148483 0.999654 -0.0271221 -0.0385818 -0.999157 0.0140021 -0.254703 0.999019 -0.0382641 0.022289 0.144602
-0.032065 0.00896977 0.999446 -0.0295345 -0.0469455 -0.99887 0.00745845 -0.285858 0.998383 -0.0466803 0.0324499 0.134036
-0.040089 0.00264069 0.999193 -0.0618906 -0.052551 -0.998618 0.000530745 -0.329071 0.997813 -0.0524873 0.0401724 0.148316
-0.0461247 -0.00591908 0.998918 -0.062571 -0.0556905 -0.998412 -0.00848757 -0.355014 0.997382 -0.0560217 0.0457219 0.16329
-0.0528183 -0.0134169 0.998514 -0.0607607 -0.0578024 -0.998192 -0.0164702 -0.396712 0.99693 -0.0585864 0.0519473 0.156845
-0.0575559 -0.0247514 0.998035 -0.0760558 -0.0558685 -0.998046 -0.0279736 -0.436909 0.996778 -0.0573688 0.0560606 0.153575
-0.0613615 -0.034999 0.997502 -0.0881752 -0.0518512 -0.997924 -0.0382035 -0.463067 0.996768 -0.0540658 0.0594193 0.14571
-0.058054 -0.0424593 0.99741 -0.100868 -0.0505332 -0.997689 -0.0454124 -0.492041 0.997034 -0.0530387 0.0557743 0.167275
-0.0555369 -0.0491085 0.997248 -0.109951 -0.0523331 -0.997274 -0.0520242 -0.506997 0.997084 -0.0550784 0.0528155 0.145771
-0.0509357 -0.0584407 0.996991 -0.0923183 -0.0573574 -0.996468 -0.0613404 -0.532464 0.997054 -0.0603092 0.0474038 0.128406
-0.0410152 -0.0724487 0.996528 -0.114465 -0.0625316 -0.995226 -0.0749277 -0.552674 0.9972 -0.0653877 0.0362891 0.141476
-0.0320855 -0.0870154 0.99569 -0.12343 -0.0697972 -0.993576 -0.0890798 -0.582453 0.997045 -0.0723545 0.025806 0.142418
-0.0269903 -0.104191 0.994191 -0.112149 -0.0792832 -0.991197 -0.10603 -0.595851 0.996487 -0.0816844 0.0184921 0.147221
-0.0262545 -0.117953 0.992672 -0.121353 -0.0884574 -0.988845 -0.119838 -0.622637 0.995734 -0.0909555 0.0155278 0.136917
-0.0296973 -0.134175 0.990513 -0.129596 -0.0935342 -0.986229 -0.136399 -0.646978 0.995173 -0.0966975 0.0167384 0.128115
-0.035153 -0.15217 0.987729 -0.121536 -0.0971588 -0.983138 -0.154921 -0.666901 0.994648 -0.101413 0.0197756 0.133233
-0.0422818 -0.171431 0.984288 -0.13269 -0.095393 -0.979976 -0.174778 -0.672922 0.994541 -0.101284 0.0250818 0.137804
-0.0493722 -0.189326 0.980672 -0.127298 -0.0911998 -0.976913 -0.193191 -0.674747 0.994608 -0.0989754 0.0309659 0.141041
-0.053944 -0.203423 0.977604 -0.128929 -0.0877529 -0.974276 -0.207573 -0.6677 0.994681 -0.0969849 0.0347053 0.152271
-0.0584525 -0.209953 0.975963 -0.12504 -0.0871597 -0.972828 -0.214499 -0.679536 0.994478 -0.0976026 0.0385647 0.149294
-0.060549 -0.215115 0.97471 -0.123418 -0.0837828 -0.97196 -0.219713 -0.672619 0.994643 -0.0949673 0.0408283 0.148391
-0.0607781 -0.217527 0.97416 -0.112838 -0.0831706 -0.971467 -0.222115 -0.657919 0.99468 -0.0945212 0.040952 0.146693
-0.0587857 -0.215444 0.974745 -0.113089 -0.0824758 -0.972047 -0.219822 -0.643429 0.994858 -0.0933153 0.0393736 0.160671
-0.0597666 -0.211393 0.975572 -0.0964371 -0.0804126 -0.973123 -0.215788 -0.618154 0.994968 -0.0913453 0.0411616 0.155414
-0.0577175 -0.202343 0.977612 -0.102144 -0.0763139 -0.975485 -0.206408 -0.620761 0.995412 -0.0865188 0.040861 0.162679
-0.0563108 -0.192489 0.979682 -0.0974213 -0.0745708 -0.977687 -0.196384 -0.598017 0.995625 -0.0841142 0.0407003 0.15772
-0.0524351 -0.181015 0.982082 -0.0869868 -0.0793334 -0.979571 -0.184788 -0.564443 0.995468 -0.0876013 0.0370033 0.174205
-0.049516 -0.166569 0.984786 -0.0732916 -0.0838947 -0.981817 -0.170285 -0.534728 0.995244 -0.0910502 0.0346414 0.162583
-0.0465365 -0.152797 0.987161 -0.0631801 -0.0872317 -0.983835 -0.156395 -0.512147 0.9951 -0.0933898 0.0324555 0.178048
-0.0470775 -0.144639 0.988364 -0.0662279 -0.0877302 -0.985039 -0.148331 -0.481892 0.995031 -0.0936924 0.033684 0.194405
-0.0500491 -0.134847 0.989602 -0.0732291 -0.0846414 -0.986706 -0.138734 -0.472255 0.995154 -0.0907047 0.03797 0.188172
-0.0532458 -0.124546 0.990784 -0.0623702 -0.0826846 -0.988235 -0.128669 -0.438401 0.995152 -0.0887737 0.0423213 0.192154
-0.0541126 -0.112024 0.992231 -0.0630861 -0.0812649 -0.989897 -0.116192 -0.417126 0.995223 -0.086921 0.0444622 0.192639
-0.052722 -0.100535 0.993536 -0.0255264 -0.0787358 -0.991404 -0.104497 -0.390174 0.9955 -0.0837361 0.0443531 0.202729
-0.051159 -0.0849456 0.995071 -0.0100001 -0.0778609 -0.993004 -0.0887721 -0.366392 0.995651 -0.0820187 0.0441871 0.198509
-0.0490836 -0.0688397 0.99642 -0.033777 -0.0775049 -0.994351 -0.0725147 -0.341289 0.995783 -0.0807867 0.0434709 0.202292
-0.0500105 -0.0564762 0.997151 0.0121016 -0.0755553 -0.995325 -0.0601621 -0.323441 0.995887 -0.0783488 0.0455096 0.200827
-0.0491392 -0.0509002 0.997494 0.0211147 -0.072767 -0.995864 -0.0544017 -0.292624 0.996138 -0.0752579 0.0452322 0.229485
-0.0522342 -0.0476799 0.997496 0.0156861 -0.067814 -0.996385 -0.0511779 -0.292529 0.99633 -0.0703175 0.0488119 0.223365
-0.0544999 -0.0503814 0.997242 0.0629698 -0.0624514 -0.996599 -0.0537619 -0.267732 0.996559 -0.0652092 0.0511682 0.211111
-0.0518137 -0.0527385 0.997263 0.0691263 -0.0641892 -0.996364 -0.056026 -0.267339 0.996592 -0.0669164 0.0482401 0.216497
-0.0479507 -0.0575489 0.99719 0.102726 -0.0689643 -0.995766 -0.0607829 -0.258723 0.996466 -0.0716851 0.0437788 0.227913
-0.0436403 -0.0619055 0.997127 0.121841 -0.0767263 -0.994923 -0.0651266 -0.246502 0.996097 -0.079348 0.0386689 0.244906
-0.0434167 -0.0653893 0.996915 0.130067 -0.0836283 -0.994116 -0.0688478 -0.225727 0.995551 -0.0863594 0.0376929 0.241741
-0.0445944 -0.072111 0.996399 0.139496 -0.0853003 -0.993474 -0.075717 -0.227006 0.995357 -0.0883697 0.0381523 0.244704
-0.0472947 -0.0816824 0.995536 0.154973 -0.0848734 -0.992718 -0.0854833 -0.208481 0.995269 -0.0885374 0.0400177 0.246736
-0.0491502 -0.0819904 0.99542 0.166444 -0.0927173 -0.991947 -0.0862823 -0.229322 0.994479 -0.0965335 0.0411525 0.253996
-0.0489046 -0.0825282 0.995388 0.164955 -0.101607 -0.990999 -0.0871564 -0.218052 0.993622 -0.105401 0.040079 0.281168
-0.0509545 -0.0800481 0.995488 0.147653 -0.112504 -0.989978 -0.0853636 -0.221028 0.992344 -0.116346 0.0414381 0.274674
-0.0492585 -0.0773264 0.995788 0.148401 -0.122227 -0.989038 -0.0828484 -0.226979 0.991279 -0.125793 0.0392672 0.292287
-0.0508848 -0.0774082 0.9957 0.16986 -0.125695 -0.988567 -0.0832773 -0.218273 0.990763 -0.129392 0.0405732 0.265019
-0.04777 -0.0819137 0.995494 0.144633 -0.12248 -0.98863 -0.0872263 -0.218783 0.991321 -0.126095 0.0371941 0.285566
-0.0479103 -0.0912434 0.994675 0.119784 -0.108109 -0.989495 -0.0959755 -0.218451 0.992984 -0.112132 0.0375428 0.272883
-0.0449445 -0.103711 0.993592 0.107699 -0.0917242 -0.989967 -0.107481 -0.201085 0.99477 -0.0959671 0.0349808 0.281574
-0.0415343 -0.110217 0.993039 0.0742921 -0.0789419 -0.990428 -0.113229 -0.188766 0.996014 -0.0830953 0.032436 0.282651
-0.0374144 -0.117827 0.992329 0.0687362 -0.0693021 -0.990328 -0.120202 -0.171023 0.996894 -0.0732678 0.0288869 0.269773
-0.0302854 -0.118899 0.992444 0.0392087 -0.0628224 -0.99071 -0.120608 -0.163167 0.997565 -0.0660004 0.0225345 0.250962
-0.0199037 -0.119609 0.992622 0.0240074 -0.0584329 -0.990982 -0.120583 -0.157687 0.998093 -0.0604018 0.0127352 0.227298
-0.00217498 -0.120057 0.992765 0.0518926 -0.0567331 -0.991153 -0.119986 -0.142981 0.998387 -0.0565835 -0.00465543 0.234966
0.0174911 -0.115948 0.993101 0.02969 -0.0587997 -0.991653 -0.114744 -0.145884 0.998117 -0.0563871 -0.0241629 0.21404
0.0373711 -0.112914 0.992902 0.02638 -0.0618508 -0.991952 -0.110478 -0.129679 0.997386 -0.0572831 -0.0440542 0.19369
0.0575423 -0.11138 0.992111 0.0282069 -0.0588346 -0.992408 -0.108001 -0.127035 0.996608 -0.0521558 -0.0636585 0.205268
0.0650393 -0.111597 0.991623 0.0412458 -0.0557965 -0.992579 -0.108045 -0.11387 0.996322 -0.048302 -0.0707834 0.163615
0.0699044 -0.110507 0.991414 0.0202211 -0.0534622 -0.992832 -0.106896 -0.1156 0.99612 -0.0455307 -0.0753113 0.160215
0.0677127 -0.106842 0.991968 0.00107229 -0.052019 -0.993275 -0.103432 -0.138276 0.996348 -0.0445975 -0.0728152 0.152007
0.0577651 -0.107304 0.992547 0.00398018 -0.0512903 -0.993213 -0.104391 -0.126 0.997012 -0.0448779 -0.0628767 0.142479
0.0454737 -0.107222 0.993195 0.0125093 -0.0534649 -0.993059 -0.104759 -0.113977 0.997534 -0.0483373 -0.0508907 0.139202
0.0352487 -0.106436 0.993695 0.00496281 -0.0523267 -0.993145 -0.104521 -0.120656 0.998008 -0.0483126 -0.0405765 0.140893
0.0286534 -0.106247 0.993927 0.00542124 -0.0517602 -0.993159 -0.104672 -0.118552 0.998248 -0.0484466 -0.0339567 0.13363
0.026109 -0.105744 0.994051 0.0142544 -0.0522811 -0.993173 -0.104277 -0.115103 0.998291 -0.0492475 -0.0314591 0.124828
0.0271654 -0.106875 0.993901 0.0169003 -0.0505595 -0.993143 -0.105412 -0.119199 0.998352 -0.0473875 -0.0323827 0.110892
0.0305115 -0.107372 0.993751 0.0250806 -0.0521134 -0.993032 -0.105694 -0.118846 0.998175 -0.0485628 -0.0358944 0.10691
0.0328001 -0.110191 0.993369 0.039805 -0.054918 -0.992601 -0.108292 -0.121605 0.997952 -0.0510018 -0.0386089 0.101171
0.0355815 -0.115104 0.992716 0.0389469 -0.058668 -0.991872 -0.112903 -0.114069 0.997643 -0.0542234 -0.0420452 0.092908
0.035635 -0.122353 0.991847 0.0531668 -0.0617278 -0.990852 -0.120012 -0.103908 0.997457 -0.0569479 -0.0428615 0.0984933
0.0341537 -0.125802 0.991467 0.0615715 -0.0666992 -0.990121 -0.123333 -0.110167 0.997188 -0.0619178 -0.0422071 0.0948131
0.0324191 -0.13097 0.990856 0.0729381 -0.070734 -0.989192 -0.128436 -0.108076 0.996968 -0.0659235 -0.0413328 0.0917541
0.0312353 -0.1368 0.990106 0.0846354 -0.072029 -0.988322 -0.134282 -0.10764 0.996913 -0.067122 -0.0407241 0.0835822
0.0337076 -0.14162 0.989347 0.0654626 -0.07262 -0.98764 -0.138902 -0.105779 0.99679 -0.0671644 -0.0435754 0.113348
0.0324257 -0.141978 0.989339 0.0808101 -0.0773093 -0.98725 -0.139144 -0.114754 0.99648 -0.0719733 -0.0429885 0.103819
0.0311838 -0.140148 0.989639 0.0703026 -0.0819477 -0.987146 -0.137213 -0.131476 0.996149 -0.0768198 -0.0422678 0.0814518
0.0315016 -0.143512 0.989147 0.0846135 -0.0840065 -0.986517 -0.140455 -0.1378 0.995967 -0.0786702 -0.0431328 0.0866078
0.0356091 -0.145472 0.988721 0.0826534 -0.0851825 -0.98619 -0.142032 -0.14687 0.995729 -0.0791641 -0.0475091 0.0830788
0.0423077 -0.149383 0.987874 0.0964073 -0.0869292 -0.98556 -0.14531 -0.133924 0.995316 -0.0797274 -0.0546825 0.0833632
0.0486835 -0.14863 0.987694 0.100693 -0.0915073 -0.985371 -0.14377 -0.136667 0.994614 -0.083382 -0.061572 0.077651
0.0555261 -0.150963 0.986979 0.0949384 -0.0914294 -0.985119 -0.145535 -0.14062 0.994262 -0.0821579 -0.0685023 0.0758947
0.0576607 -0.150915 0.986864 0.0989661 -0.0928792 -0.985032 -0.145208 -0.128349 0.994006 -0.0832863 -0.0708144 0.079364
0.0569042 -0.146821 0.987525 0.114491 -0.0927013 -0.985632 -0.141198 -0.141594 0.994067 -0.0835101 -0.0696971 0.0698837
0.0537806 -0.144388 0.988059 0.0981967 -0.0945114 -0.985785 -0.138911 -0.151489 0.99407 -0.085912 -0.0666624 0.0703238
0.0512735 -0.145624 0.98801 0.0633023 -0.094368 -0.985592 -0.14037 -0.121295 0.994216 -0.0860393 -0.064277 0.0918698
0.0430938 -0.142377 0.988874 0.0930654 -0.0948464 -0.985906 -0.137817 -0.138632 0.994559 -0.0878521 -0.0559904 0.0620365
0.0347821 -0.143814 0.988993 0.0920563 -0.0896456 -0.986052 -0.140234 -0.139195 0.995366 -0.0837813 -0.0471892 0.0489456
0.0290484 -0.144152 0.989129 0.0926985 -0.0880392 -0.98607 -0.14112 -0.135653 0.995693 -0.0829828 -0.0413348 0.0499912
0.0264167 -0.143216 0.989339 0.0942015 -0.0853612 -0.986393 -0.14051 -0.133668 0.996 -0.0807393 -0.0382823 0.0506898
0.0284953 -0.144047 0.989161 0.0971787 -0.0816884 -0.986588 -0.141319 -0.133189 0.99625 -0.076776 -0.0398801 0.0468734
0.0217371 -0.145137 0.989173 0.104545 -0.080621 -0.986439 -0.142964 -0.125594 0.996508 -0.0766405 -0.0331433 0.0411002
0.0148985 -0.145771 0.989206 0.0966329 -0.0793345 -0.986369 -0.144158 -0.126772 0.996737 -0.0763304 -0.0262601 0.0439133
0.0174482 -0.145078 0.989266 0.0942 -0.0782541 -0.98658 -0.143304 -0.127996 0.996781 -0.0749138 -0.028567 0.0440601
0.017117 -0.145597 0.989196 0.0972409 -0.0803079 -0.986345 -0.143787 -0.126865 0.996623 -0.076979 -0.0285758 0.0407999
0.0135854 -0.146083 0.989179 0.100685 -0.0799897 -0.986259 -0.144553 -0.125032 0.996703 -0.0771604 -0.0250838 0.0464641
0.0140454 -0.145328 0.989284 0.102616 -0.0791593 -0.986438 -0.143786 -0.125955 0.996763 -0.0762914 -0.025359 0.0463806
0.0138268 -0.14516 0.989312 0.105293 -0.0783097 -0.986524 -0.143656 -0.126492 0.996833 -0.0754864 -0.0250079 0.0392113
0.0142213 -0.144702 0.989373 0.101492 -0.0780249 -0.986617 -0.143177 -0.125772 0.99685 -0.0751595 -0.0253214 0.0399014
0.0147382 -0.144648 0.989373 0.0994684 -0.0802108 -0.986463 -0.143027 -0.123957 0.996669 -0.0772505 -0.026141 0.0448567
0.0142456 -0.144812 0.989357 0.103318 -0.0777097 -0.986625 -0.143293 -0.126525 0.996874 -0.0748413 -0.0253083 0.0427607
0.0142033 -0.145224 0.989297 0.103672 -0.0782072 -0.986527 -0.143694 -0.124973 0.996836 -0.0753292 -0.0253695 0.043213
0.0142996 -0.144541 0.989395 0.10323 -0.0778885 -0.986651 -0.143014 -0.126809 0.99686 -0.0750175 -0.0253668 0.0425846
0.0139765 -0.144451 0.989413 0.104174 -0.0794064 -0.986545 -0.14291 -0.126366 0.996744 -0.0765684 -0.0252587 0.0422081
0.014006 -0.144595 0.989392 0.102961 -0.0788001 -0.986571 -0.143067 -0.126833 0.996792 -0.0759604 -0.025212 0.0431971
0.0147447 -0.144289 0.989426 0.103548 -0.0796084 -0.986561 -0.142685 -0.127281 0.996717 -0.0766628 -0.0260331 0.0428293
0.0151103 -0.14526 0.989278 0.1037 -0.0787867 -0.986488 -0.143647 -0.125173 0.996777 -0.0757714 -0.0263507 0.0433682
0.0151442 -0.145388 0.989259 0.103575 -0.07603 -0.986675 -0.143844 -0.126157 0.996991 -0.0730349 -0.0259962 0.0429281
0.0149212 -0.145436 0.989255 0.102591 -0.0786567 -0.98647 -0.14384 -0.125324 0.99679 -0.0756653 -0.0261589 0.0439938
0.0146472 -0.145627 0.989231 0.102366 -0.0772897 -0.986542 -0.144087 -0.124663 0.996901 -0.0743469 -0.0257056 0.0432938
0.0147082 -0.144922 0.989334 0.101949 -0.0790815 -0.98651 -0.143332 -0.125844 0.99676 -0.0761299 -0.0259705 0.0441719
0.0154386 -0.145032 0.989306 0.101086 -0.0789445 -0.986512 -0.143391 -0.125408 0.996759 -0.0758865 -0.0266799 0.0438829
0.0144358 -0.14492 0.989338 0.102984 -0.0788618 -0.986524 -0.143358 -0.127781 0.996781 -0.0759515 -0.0256699 0.0397613
0.0139566 -0.14358 0.98954 0.103292 -0.0786197 -0.98673 -0.142063 -0.127054 0.996807 -0.0758146 -0.0250595 0.0424612
0.0145306 -0.14471 0.989367 0.103824 -0.0793356 -0.986519 -0.143128 -0.123933 0.996742 -0.0764124 -0.0258153 0.044353
0.0144529 -0.144891 0.989342 0.10127 -0.0787778 -0.986535 -0.143329 -0.125842 0.996787 -0.0758667 -0.0256725 0.0429277
0.0149178 -0.144914 0.989332 0.0994947 -0.0780516 -0.986592 -0.143336 -0.126262 0.996838 -0.0750806 -0.0260285 0.0437826
0.0154736 -0.145222 0.989278 0.103131 -0.0790012 -0.986481 -0.143576 -0.125571 0.996754 -0.0759325 -0.0267371 0.043817
0.0140595 -0.144993 0.989333 0.102171 -0.0786995 -0.986522 -0.143463 -0.125456 0.996799 -0.075843 -0.0252809 0.0435426
0.0145235 -0.144795 0.989355 0.102863 -0.0782979 -0.986586 -0.14324 -0.126414 0.996824 -0.0753841 -0.0256658 0.0429771
0.015616 -0.145446 0.989243 0.102323 -0.0779783 -0.986527 -0.143816 -0.125312 0.996833 -0.0748937 -0.0267473 0.044102
0.0149955 -0.144963 0.989323 0.101101 -0.0788482 -0.986525 -0.143358 -0.127128 0.996774 -0.0758566 -0.0262236 0.0438913
0.0146989 -0.145211 0.989292 0.101778 -0.0798378 -0.98641 -0.143601 -0.125928 0.996699 -0.0768721 -0.0260925 0.0435139
0.0145224 -0.144526 0.989394 0.102376 -0.0788325 -0.986584 -0.142958 -0.126922 0.996782 -0.0759203 -0.0257208 0.0423378
0.0150783 -0.145141 0.989296 0.101612 -0.0778805 -0.986573 -0.143554 -0.124386 0.996849 -0.0748823 -0.0261795 0.0431101
0.0143536 -0.144474 0.989405 0.102781 -0.0793015 -0.986554 -0.142907 -0.126742 0.996747 -0.0764101 -0.0256175 0.0424758
0.0153294 -0.144832 0.989338 0.0998909 -0.0784623 -0.986577 -0.143212 -0.125567 0.996799 -0.0754303 -0.0264874 0.0445513
0.0137832 -0.144333 0.989433 0.103379 -0.0780894 -0.98666 -0.142841 -0.126705 0.996851 -0.0752954 -0.0248702 0.0418012
0.0144779 -0.144126 0.989453 0.102277 -0.0780664 -0.986699 -0.142583 -0.126313 0.996843 -0.0751788 -0.0255367 0.042831
0.0147332 -0.144761 0.989357 0.103345 -0.0790798 -0.986534 -0.143171 -0.126216 0.996759 -0.0761288 -0.0259825 0.0431907
0.014522 -0.144034 0.989466 0.102439 -0.0781613 -0.986706 -0.142485 -0.126438 0.996835 -0.0752688 -0.0255869 0.0427148
0.0143928 -0.144447 0.989408 0.103039 -0.0792296 -0.986564 -0.142879 -0.126664 0.996752 -0.0763339 -0.0256438 0.0425042
0.0144763 -0.143998 0.989472 0.102461 -0.0780925 -0.986716 -0.142454 -0.126426 0.996841 -0.0752082 -0.0255292 0.0427473
0.0147503 -0.144712 0.989364 0.103148 -0.0790167 -0.986546 -0.143122 -0.126288 0.996764 -0.0760652 -0.0259866 0.0430743
0.0145653 -0.144065 0.989461 0.102281 -0.0780773 -0.986708 -0.142515 -0.126305 0.996841 -0.0751787 -0.0256199 0.0428046
0.0147659 -0.14476 0.989357 0.103309 -0.0790051 -0.98654 -0.143168 -0.126295 0.996765 -0.0760502 -0.0260039 0.0432265
0.0144935 -0.144123 0.989454 0.102273 -0.0780726 -0.9867 -0.142579 -0.126223 0.996842 -0.0751827 -0.0255528 0.0428521
0.0147641 -0.144709 0.989364 0.103326 -0.0790974 -0.98654 -0.143116 -0.126332 0.996758 -0.0761431 -0.0260115 0.0430661
0.0144808 -0.144141 0.989451 0.102288 -0.0779629 -0.986705 -0.1426 -0.126297 0.996851 -0.0750756 -0.0255259 0.0428685
0.0147306 -0.144765 0.989356 0.103415 -0.0792439 -0.98652 -0.14317 -0.126247 0.996746 -0.0762915 -0.0260038 0.0431657
0.0145863 -0.144096 0.989456 0.102226 -0.0779647 -0.986713 -0.142548 -0.126342 0.996849 -0.0750634 -0.0256269 0.0427494
0.0147354 -0.144733 0.989361 0.103281 -0.0791722 -0.986531 -0.143139 -0.126266 0.996752 -0.0762207 -0.0259958 0.0431094
0.0144877 -0.144069 0.989462 0.10235 -0.0781231 -0.986704 -0.142523 -0.126427 0.996838 -0.075235 -0.0255502 0.0427904
0.0146075 -0.144157 0.989447 0.103425 -0.0792416 -0.986607 -0.142573 -0.126339 0.996748 -0.0763227 -0.0258351 0.0426284
0.0150914 -0.144595 0.989376 0.0963452 -0.0779722 -0.986646 -0.143006 -0.129631 0.996841 -0.0749856 -0.0261643 0.0419032
0.0152618 -0.14477 0.989348 0.0958802 -0.0785495 -0.986579 -0.143153 -0.129688 0.996793 -0.075528 -0.0264285 0.0422625
0.0149568 -0.143829 0.98949 0.0973629 -0.0786453 -0.986704 -0.142235 -0.129815 0.99679 -0.0756913 -0.0260693 0.0418835
0.0146101 -0.145285 0.989282 0.0975814 -0.0792618 -0.986442 -0.143697 -0.128828 0.996747 -0.0763128 -0.0259276 0.0407541
0.0146832 -0.144909 0.989336 0.0945386 -0.0790856 -0.986511 -0.143321 -0.129447 0.99676 -0.0761379 -0.0259453 0.0416983
0.0140693 -0.144843 0.989355 0.09571 -0.0791602 -0.986508 -0.143301 -0.129517 0.996763 -0.0763013 -0.0253453 0.0373759
0.0145555 -0.145005 0.989324 0.0996158 -0.0790609 -0.986498 -0.143428 -0.127294 0.996764 -0.0761292 -0.0258232 0.0423067
0.0152855 -0.144972 0.989318 0.100342 -0.0780677 -0.986586 -0.143365 -0.126599 0.996831 -0.0750424 -0.026398 0.0429084
0.0146785 -0.144669 0.989371 0.0972652 -0.0794928 -0.986515 -0.143072 -0.125179 0.996727 -0.0765478 -0.0259807 0.0439002
0.014625 -0.144929 0.989334 0.0975893 -0.0789858 -0.986515 -0.143349 -0.125311 0.996768 -0.0760468 -0.0258752 0.0433458
0.0145497 -0.1442 0.989442 0.0996064 -0.0791033 -0.986611 -0.142624 -0.127856 0.99676 -0.076193 -0.0257615 0.0418974
0.0146795 -0.145113 0.989306 0.100927 -0.0797156 -0.986433 -0.143509 -0.127584 0.99671 -0.0767565 -0.0260482 0.0434955
0.0147702 -0.145326 0.989274 0.10362 -0.079945 -0.986386 -0.143708 -0.125069 0.99669 -0.0769649 -0.0261872 0.0437652
0.014527 -0.144383 0.989415 0.106961 -0.0774843 -0.986707 -0.14285 -0.12629 0.996888 -0.0745889 -0.0255213 0.0429968
0.0150698 -0.145446 0.989251 0.107479 -0.0779355 -0.986525 -0.143857 -0.123985 0.996844 -0.0749299 -0.0262022 0.0429161
